2.744025227393304249e+03 -5.997537152296863496e+02
2.744046060726637734e+03 3.154947581847663969e+02
2.744066894059971219e+03 1.037742641763761640e+02
2.744087727393304249e+03 -1.228479665714548901e+02
2.744108560726637734e+03 -4.883625704236328602e+01
2.744129394059971219e+03 -5.908550168416695669e+02
2.744150227393304249e+03 -8.362432710810098797e+02
2.744171060726637734e+03 -1.707137719128513709e+02
2.744191894059971219e+03 -4.623251310087507591e+02
2.744212727393304249e+03 3.041943820796441287e+02
2.744233560726637734e+03 1.042512603460345417e+02
2.744254394059971219e+03 -6.029070595408556983e+02
2.744275227393304249e+03 2.746309745289618149e+02
2.744296060726637734e+03 -3.536495671271113679e+02
2.744316894059971219e+03 4.551234126177150756e+02
2.744337727393304249e+03 3.829245508923195302e+02
2.744358560726637734e+03 2.253863052446395159e+02
2.744379394059971219e+03 1.678059523270465434e+03
2.744400227393304249e+03 5.559161588380811736e+02
2.744421060726637734e+03 1.604645596746006049e+03
2.744441894059971219e+03 8.867381951750721782e+02
2.744462727393304249e+03 2.222015037637902424e+02
2.744483560726637734e+03 5.652434730215463787e+01
2.744504394059971219e+03 4.189280073625268415e+02
2.744525227393304249e+03 5.165678223937284201e+02
2.744546060726637734e+03 3.558886596756055951e+02
2.744566894059971219e+03 3.270070281621301547e+02
2.744587727393304249e+03 5.107945803019683808e+02
2.744608560726637734e+03 9.376039729480398819e+02
2.744629394059971219e+03 6.716810904002049938e+02
2.744650227393304249e+03 1.407054469678900205e+03
2.744671060726637734e+03 7.414315561082912609e+02
2.744691894059971219e+03 8.592836374841863289e+02
2.744712727393304249e+03 6.876059571544174105e+02
2.744733560726637734e+03 2.962921053601894528e+02
2.744754394059971219e+03 2.675641068823169917e+02
2.744775227393304249e+03 -7.037243947852402925e-01
2.744796060726637734e+03 -1.388469609272433445e+02
2.744816894059971219e+03 2.755598575427429751e+02
2.744837727393304249e+03 2.275079405670985579e+02
2.744858560726637734e+03 -1.467499084591399878e+02
2.744879394059971219e+03 1.189456043466925621e+02
2.744900227393304249e+03 -5.003575207910034806e+01
2.744921060726637734e+03 -1.217758422088809311e+01
2.744941894059971219e+03 -3.984232690528733656e+02
2.744962727393304249e+03 6.850057345372624695e+01
2.744983560726637734e+03 -8.521592346183024347e+01
2.745004394059971219e+03 5.047455235023517162e+02
2.745025227393304249e+03 9.337100973833585158e+02
2.745046060726637734e+03 4.248081978048430756e+02
2.745066894059971219e+03 7.459624810995301232e+02
2.745087727393304249e+03 1.185874997243634425e+03
2.745108560726637734e+03 5.699002260576235130e+02
2.745129394059971219e+03 4.602839472804917023e+02
2.745150227393304249e+03 4.113501364315161481e+02
2.745171060726637734e+03 -2.141696612339001149e+02
2.745191894059971219e+03 6.736531526325270534e+02
2.745212727393304249e+03 4.325834324228344485e+02
2.745233560726637734e+03 4.505157304252497852e+01
2.745254394059971219e+03 -7.696010077744722366e+01
2.745275227393304249e+03 2.979116267815697938e+02
2.745296060726637734e+03 -2.072080668387934566e+02
2.745316894059971219e+03 -1.464475110283819959e+02
2.745337727393304249e+03 4.224774307676125318e+01
2.745358560726637734e+03 -7.981681970879435539e+01
2.745379394059971219e+03 -1.477715613320469856e+02
2.745400227393304249e+03 -1.897171951739583164e+02
2.745421060726637734e+03 -7.269779631489655003e+02
2.745441894059971219e+03 1.767366762048332021e+02
2.745462727393304249e+03 1.388942713864380494e+02
2.745483560726637734e+03 4.954258804946439341e+02
2.745504394059971219e+03 1.426323495852993801e+02
2.745525227393304249e+03 1.281241818033158779e+02
2.745546060726637734e+03 4.193451897631166503e+02
2.745566894059971219e+03 -4.054190367879346013e+01
2.745587727393304249e+03 1.279059323207242414e+03
2.745608560726637734e+03 7.464915072119329125e+02
2.745629394059971219e+03 -1.591292433068156242e+01
2.745650227393304249e+03 -1.171853476383257657e+02
2.745671060726637734e+03 -2.594288703431375325e+02
2.745691894059971219e+03 1.583659352272516116e+02
2.745712727393304249e+03 -6.070659085044171661e+02
2.745733560726637734e+03 4.402934612326789647e+02
2.745754394059971219e+03 1.595831872262060642e+02
2.745775227393304249e+03 1.371402148742927238e+02
2.745796060726637734e+03 3.459596899241441861e+02
2.745816894059971219e+03 2.888722066899063066e+02
2.745837727393304249e+03 -9.271252116712275892e+01
2.745858560726637734e+03 -8.450112170135835186e+02
2.745879394059971219e+03 -4.879941976916743442e+02
2.745900227393304249e+03 -6.688084479839308187e+02
2.745921060726637734e+03 -6.288658560398034751e+02
2.745941894059971219e+03 -1.558661791018676013e+02
2.745962727393304249e+03 -1.490718335630372167e+02
2.745983560726637734e+03 -1.699767682056408376e+02
2.746004394059971219e+03 -7.809665738027542830e+02
2.746025227393304249e+03 -2.903138908379478380e+02
2.746046060726637734e+03 -2.031891597233479843e+02
2.746066894059971219e+03 2.260930878773797303e+02
2.746087727393304249e+03 -1.008570971783134155e+03
2.746108560726637734e+03 -3.890806250903988257e+02
2.746129394059971219e+03 3.102526593263028190e+02
2.746150227393304249e+03 -3.619811104397522286e+02
2.746171060726637734e+03 -7.819771971466252580e+02
2.746191894059971219e+03 -2.671412440311396495e+02
2.746212727393304249e+03 6.221411670934176072e+02
2.746233560726637734e+03 7.713951223471667618e+01
2.746254394059971219e+03 3.256323684080271050e+02
2.746275227393304249e+03 5.931827275472460315e+02
2.746296060726637734e+03 5.013194480835227296e+02
2.746316894059971219e+03 4.619850057179573923e+02
2.746337727393304249e+03 1.123313792549306527e+02
2.746358560726637734e+03 1.636761379218660295e+01
2.746379394059971219e+03 1.891734308202285320e+02
2.746400227393304249e+03 -4.289778629755601287e+02
2.746421060726637734e+03 -5.551750881952466443e+02
2.746441894059971219e+03 2.048319801930338144e+02
2.746462727393304249e+03 -2.653311281707137823e+02
2.746483560726637734e+03 -3.162882439966779202e+02
2.746504394059971219e+03 4.096877133781090379e+02
2.746525227393304249e+03 6.849182756425580010e+02
2.746546060726637734e+03 5.765226357653737068e+02
2.746566894059971219e+03 1.452346223882632330e+02
2.746587727393304249e+03 -4.872828894694102928e+02
2.746608560726637734e+03 -3.866713989152340218e+02
2.746629394059971219e+03 6.218367526516085491e+02
2.746650227393304249e+03 2.753100774069316685e+02
2.746671060726637734e+03 6.143337942465441301e+02
2.746691894059971219e+03 1.511579051272710785e+02
2.746712727393304249e+03 1.572430189012084156e+02
2.746733560726637734e+03 1.276733138992916793e+03
2.746754394059971219e+03 -2.366613534445641562e+02
2.746775227393304249e+03 3.628983749817125499e+02
2.746796060726637734e+03 3.381533950774464756e+02
2.746816894059971219e+03 4.076485385063569993e+02
2.746837727393304249e+03 7.184382041249191388e+02
2.746858560726637734e+03 -1.886661888086237013e+02
2.746879394059971219e+03 -3.082496509922202677e+01
2.746900227393304249e+03 1.085754552853642963e+03
2.746921060726637734e+03 -1.636648443628801033e+02
2.746941894059971219e+03 2.037792320159496740e+02
2.746962727393304249e+03 9.538094619653420523e+02
2.746983560726637734e+03 4.453252956926589832e+02
2.747004394059971219e+03 1.450750925502507016e+02
2.747025227393304249e+03 7.194931935154600069e+02
2.747046060726637734e+03 1.180697643723920919e+03
2.747066894059971219e+03 3.826597497334005311e+02
2.747087727393304249e+03 5.408066768393618986e+02
2.747108560726637734e+03 1.394840626808698289e+03
2.747129394059971219e+03 3.322654419022146612e+02
2.747150227393304249e+03 4.452210555712226778e+02
2.747171060726637734e+03 1.900969821264734492e+02
2.747191894059971219e+03 6.160277706242632121e+02
2.747212727393304249e+03 2.895655130222439766e+02
2.747233560726637734e+03 9.897933432769495994e+02
2.747254394059971219e+03 1.221648240056820214e+03
2.747275227393304249e+03 1.154171115960809402e+03
2.747296060726637734e+03 2.448601205373415723e+02
2.747316894059971219e+03 5.702004665161948651e+02
2.747337727393304249e+03 9.246903117888141423e+02
2.747358560726637734e+03 -3.605875711162807420e+02
2.747379394059971219e+03 4.928890438963426277e+02
2.747400227393304249e+03 -4.402371278000064194e+02
2.747421060726637734e+03 6.635781439431011677e+02
2.747441894059971219e+03 -3.240788870620308444e+02
2.747462727393304249e+03 4.295375108157750219e+02
2.747483560726637734e+03 -3.709416584967402741e+02
2.747504394059971219e+03 1.026829357415437698e+03
2.747525227393304249e+03 4.598859936579829082e+02
2.747546060726637734e+03 1.135109569086693227e+03
2.747566894059971219e+03 1.216352029105648398e+03
2.747587727393304249e+03 2.804432373325107619e+02
2.747608560726637734e+03 -5.915702555201714858e+02
2.747629394059971219e+03 9.015680571101838723e+02
2.747650227393304249e+03 -1.832652511390624568e+02
2.747671060726637734e+03 -5.774694362513255328e+02
2.747691894059971219e+03 -3.779515971873188391e+02
2.747712727393304249e+03 3.157070774706080556e+02
2.747733560726637734e+03 -5.845279039102606475e+02
2.747754394059971219e+03 -5.189371939167613164e+02
2.747775227393304249e+03 -2.377483229654608294e+02
2.747796060726637734e+03 -3.138855544102843851e+02
2.747816894059971219e+03 -1.564173372953664511e+02
2.747837727393304249e+03 -3.091105636426946148e+02
2.747858560726637734e+03 -6.706645789369940758e+02
2.747879394059971219e+03 -3.397521241740323603e+02
2.747900227393304249e+03 -2.561425339085981250e+02
2.747921060726637734e+03 -2.756341820618836209e+02
2.747941894059971219e+03 1.494517353537958115e+01
2.747962727393304249e+03 -2.210491818491136655e+02
2.747983560726637734e+03 9.217439932771958411e+01
2.748004394059971219e+03 2.208503275655675679e+02
2.748025227393304249e+03 1.003900778885814361e+03
2.748046060726637734e+03 3.894237827343167737e+02
2.748066894059971219e+03 -1.759055385133251548e+00
2.748087727393304249e+03 -5.316807662104256451e+02
2.748108560726637734e+03 -3.169074462852440774e+02
2.748129394059971219e+03 2.239666250018635765e+02
2.748150227393304249e+03 2.177374381109839305e+02
2.748171060726637734e+03 -1.955630676466971636e+02
2.748191894059971219e+03 2.877893454073928297e+02
2.748212727393304249e+03 9.334826198273804039e+02
2.748233560726637734e+03 7.100535169206559658e+02
2.748254394059971219e+03 -1.574388252489734441e+02
2.748275227393304249e+03 8.870829970991471782e+02
2.748296060726637734e+03 -1.595326696758856997e+02
2.748316894059971219e+03 -4.050083973823348060e+02
2.748337727393304249e+03 5.470641769561916590e+02
2.748358560726637734e+03 6.644216024898923934e+01
2.748379394059971219e+03 -3.782702967381337658e+02
2.748400227393304249e+03 1.566556805921718478e+02
2.748421060726637734e+03 -3.519519435896072537e+02
2.748441894059971219e+03 -2.111692192791961133e+02
2.748462727393304249e+03 1.707950815221993253e+02
2.748483560726637734e+03 -1.288457356283557601e+03
2.748504394059971219e+03 -1.262651452491292730e+03
2.748525227393304249e+03 -2.762029567830031738e+02
2.748546060726637734e+03 -6.442238974660867825e+02
2.748566894059971219e+03 -7.239908022707095370e+02
2.748587727393304249e+03 -4.173577574626542628e+02
2.748608560726637734e+03 -6.396161789031466469e+02
2.748629394059971219e+03 -9.177396905375644565e+00
2.748650227393304249e+03 -2.541282044901745394e+02
2.748671060726637734e+03 -5.860659437752328813e+02
2.748691894059971219e+03 5.922689656913280487e+01
2.748712727393304249e+03 -4.985313018728047609e+02
2.748733560726637734e+03 -5.352470942704239860e+02
2.748754394059971219e+03 -7.303037138755898923e+02
2.748775227393304249e+03 -1.361396163748577237e+02
2.748796060726637734e+03 1.576012946938863024e+02
2.748816894059971219e+03 -6.534381797645473853e+02
2.748837727393304249e+03 3.341754448064602911e+01
2.748858560726637734e+03 -3.665852621654048562e+02
2.748879394059971219e+03 1.885924915514187887e+02
2.748900227393304249e+03 -1.040689446135656908e+02
2.748921060726637734e+03 2.012369680018164217e+02
2.748941894059971219e+03 1.137118054637685418e+02
2.748962727393304249e+03 -1.829698286232305691e+02
2.748983560726637734e+03 -5.939977029904257506e+02
2.749004394059971219e+03 -7.104037647082004696e+02
2.749025227393304249e+03 -1.166222706740954891e+02
2.749046060726637734e+03 4.987239998213481158e+02
2.749066894059971219e+03 3.129399321983801201e+02
2.749087727393304249e+03 3.878322207124438137e+01
2.749108560726637734e+03 6.808925100829219446e+02
2.749129394059971219e+03 5.413298238837160170e+01
2.749150227393304249e+03 -4.966136334782931954e+02
2.749171060726637734e+03 -4.266998832151293755e+02
2.749191894059971219e+03 -1.859310181683395058e+01
2.749212727393304249e+03 -8.565661975349066779e+02
2.749233560726637734e+03 -1.558409786069765687e+03
2.749254394059971219e+03 -3.276565038170665503e+02
2.749275227393304249e+03 -4.419961357971187681e+02
2.749296060726637734e+03 -3.338913682134589180e+02
2.749316894059971219e+03 -9.599907197980210185e+02
2.749337727393304249e+03 -3.504176628948189318e+02
2.749358560726637734e+03 -9.162152130355825648e+02
2.749379394059971219e+03 -5.215524190180003643e+02
2.749400227393304249e+03 1.803372991387732327e+01
2.749421060726637734e+03 -4.744596889285603538e+02
2.749441894059971219e+03 -1.670526182515313849e+02
2.749462727393304249e+03 -7.907006684562657028e+01
2.749483560726637734e+03 -5.448641463712556288e+02
2.749504394059971219e+03 -1.042855704556452110e+03
2.749525227393304249e+03 -4.795136586563894525e+02
2.749546060726637734e+03 -4.012281152157811448e+02
2.749566894059971219e+03 2.304195820665918291e+02
2.749587727393304249e+03 2.971673003463074565e+02
2.749608560726637734e+03 1.148222408780246042e+03
2.749629394059971219e+03 1.194852215896826237e+02
2.749650227393304249e+03 9.257659309217706323e+02
2.749671060726637734e+03 2.382665439450647682e+01
2.749691894059971219e+03 1.004975735256448388e+01
2.749712727393304249e+03 -3.675804249313659966e+01
2.749733560726637734e+03 3.418877663323655725e+00
2.749754394059971219e+03 3.163227104712277651e+02
2.749775227393304249e+03 3.338456312404014170e+01
2.749796060726637734e+03 5.656014483259059489e+01
2.749816894059971219e+03 -3.065001438593026251e+01
2.749837727393304249e+03 4.397810288525652140e+02
2.749858560726637734e+03 -1.599186460645869374e+02
2.749879394059971219e+03 -2.698830452893162146e+02
2.749900227393304249e+03 -4.432528409329243004e+02
2.749921060726637734e+03 -2.704418947426602244e+02
2.749941894059971219e+03 -4.824664268974447623e+02
2.749962727393304249e+03 -2.456695551458979025e+02
2.749983560726637734e+03 -3.885225129394093528e+02
2.750004394059971219e+03 -3.877130669058533385e+02
2.750025227393304249e+03 nan
2.750046060726637734e+03 9.414408447314053774e+01
2.750066894059971219e+03 -1.921173082916066051e+02
2.750087727393304249e+03 -3.284110522025730461e+02
2.750108560726637734e+03 -1.390473516697529703e+02
2.750129394059971219e+03 -4.692824513065861538e+02
2.750150227393304249e+03 9.756568975700065494e+01
2.750171060726637734e+03 2.880696992210578173e+02
2.750191894059971219e+03 6.001454465811839327e+02
2.750212727393304249e+03 -3.448069462963612750e+02
2.750233560726637734e+03 3.809212782888207585e+02
2.750254394059971219e+03 -1.197162721579661593e+02
2.750275227393304249e+03 1.850796098931459710e+02
2.750296060726637734e+03 -6.778876010680105537e+02
2.750316894059971219e+03 -6.794409478886518627e+01
2.750337727393304249e+03 -8.264801295395009220e+02
2.750358560726637734e+03 -2.680244519995758310e+02
2.750379394059971219e+03 -6.976188359347870573e+02
2.750400227393304249e+03 -9.457856129622086883e+02
2.750421060726637734e+03 1.278759848257759586e+02
2.750441894059971219e+03 -3.512426951715024188e+02
2.750462727393304249e+03 1.503588348517660052e+02
2.750483560726637734e+03 3.191060001632431522e+02
2.750504394059971219e+03 -5.526613912987522781e+01
2.750525227393304249e+03 1.450280478262575343e+02
2.750546060726637734e+03 3.895247109519550577e+02
2.750566894059971219e+03 1.037721988011617213e+01
2.750587727393304249e+03 -2.743700164157198742e+02
2.750608560726637734e+03 4.303326516613597050e+02
2.750629394059971219e+03 3.280966838076710701e+01
2.750650227393304249e+03 -1.503855240937555209e+02
2.750671060726637734e+03 9.271347825310658664e+01
2.750691894059971219e+03 -6.302005310079548508e+02
2.750712727393304249e+03 -5.863336514227557927e+02
2.750733560726637734e+03 -4.971272180230589584e+02
2.750754394059971219e+03 -1.612819839363102801e+03
2.750775227393304249e+03 -7.911577443360583857e+02
2.750796060726637734e+03 -5.360669917687773705e+02
2.750816894059971219e+03 7.164147964227013290e+02
2.750837727393304249e+03 8.216879584908019751e+01
2.750858560726637734e+03 7.013268462406704202e+02
2.750879394059971219e+03 5.253536251701880246e+02
2.750900227393304249e+03 1.175693452346604317e+02
2.750921060726637734e+03 9.674865252792369574e+01
2.750941894059971219e+03 -1.803536993069574237e+02
2.750962727393304249e+03 -1.991100832808297127e+01
2.750983560726637734e+03 1.861789463976165280e+02
2.751004394059971219e+03 -1.138007573080249131e+02
2.751025227393304249e+03 3.667646991430083290e+02
2.751046060726637734e+03 5.194917137059383094e+02
2.751066894059971219e+03 3.354173349906923249e+02
2.751087727393304249e+03 6.673745822615455836e+01
2.751108560726637734e+03 2.397593789640814066e+01
2.751129394059971219e+03 4.500582020147703588e+02
2.751150227393304249e+03 1.059475036274059676e+03
2.751171060726637734e+03 5.087605814888374880e+02
2.751191894059971219e+03 2.815969533923780546e+02
2.751212727393304249e+03 4.550064136451110244e+02
2.751233560726637734e+03 -1.233373433572705835e+01
2.751254394059971219e+03 1.251621652895584702e+03
2.751275227393304249e+03 2.890183678765315562e+02
2.751296060726637734e+03 1.970125920362770557e+02
2.751316894059971219e+03 1.579883116177516058e+02
2.751337727393304249e+03 -1.918499558981275186e+02
2.751358560726637734e+03 -4.151585766874486580e+02
2.751379394059971219e+03 -1.833687205774476752e+02
2.751400227393304249e+03 -6.102471390090649948e+02
2.751421060726637734e+03 2.448439560743281618e+02
2.751441894059971219e+03 7.353153013228438795e+01
2.751462727393304249e+03 -3.074514076559571549e+02
2.751483560726637734e+03 -6.286780945585342124e+02
2.751504394059971219e+03 -4.024778134095249698e+02
2.751525227393304249e+03 3.769815728417597711e+01
2.751546060726637734e+03 2.724603992121992633e+02
2.751566894059971219e+03 1.337088657941203564e+02
2.751587727393304249e+03 -2.190225408198311925e+02
2.751608560726637734e+03 6.550110802912386134e+02
2.751629394059971219e+03 3.773376239110948518e+02
2.751650227393304249e+03 -3.097878183271968737e+02
2.751671060726637734e+03 4.921870294755790383e+02
2.751691894059971219e+03 1.003959522870369256e+03
2.751712727393304249e+03 7.068829851573100314e+02
2.751733560726637734e+03 -3.081343055039178580e+01
2.751754394059971219e+03 -1.808119192590238526e+02
2.751775227393304249e+03 -7.234340132423676550e+01
2.751796060726637734e+03 -4.269090549284592271e+02
2.751816894059971219e+03 2.296269299207488075e+02
2.751837727393304249e+03 1.338209292277460918e+02
2.751858560726637734e+03 -7.435324461477575824e+02
2.751879394059971219e+03 7.303965202901745215e+02
2.751900227393304249e+03 -3.040607378960121423e+02
2.751921060726637734e+03 4.097670544015709311e+02
2.751941894059971219e+03 5.284194615222513676e+02
2.751962727393304249e+03 3.779889534877147526e+02
2.751983560726637734e+03 9.237015067723114043e+02
2.752004394059971219e+03 1.409720144516089931e+03
2.752025227393304249e+03 8.822299224103335291e+02
2.752046060726637734e+03 4.760817034658975899e+02
2.752066894059971219e+03 1.100251891498803161e+03
2.752087727393304249e+03 1.024672597423312254e+03
2.752108560726637734e+03 8.108626179581042379e+02
2.752129394059971219e+03 5.184253701997222379e+02
2.752150227393304249e+03 2.054644951459486037e+02
2.752171060726637734e+03 1.117189362647477537e+02
2.752191894059971219e+03 -2.787432701850775629e+01
2.752212727393304249e+03 3.241269440938485786e+02
2.752233560726637734e+03 1.409278949117287993e+02
2.752254394059971219e+03 -3.285487135208677500e+02
2.752275227393304249e+03 -6.435475076290313154e+02
2.752296060726637734e+03 -2.133236054087756202e+02
2.752316894059971219e+03 -4.049845807400997728e+02
2.752337727393304249e+03 -8.002960016488796100e+02
2.752358560726637734e+03 -8.061107255653478205e+02
2.752379394059971219e+03 -4.409465452164877206e+02
2.752400227393304249e+03 -1.134503394571598619e+03
2.752421060726637734e+03 -6.109974232224049047e+02
2.752441894059971219e+03 -3.249767218383494765e+02
2.752462727393304249e+03 4.016973168224794790e+02
2.752483560726637734e+03 -1.874824925535358489e+01
2.752504394059971219e+03 5.446168053688015789e+02
2.752525227393304249e+03 2.147045513463672251e+02
2.752546060726637734e+03 2.306807053218362853e+02
2.752566894059971219e+03 1.681094427646603435e+02
2.752587727393304249e+03 3.425560098778223619e+02
2.752608560726637734e+03 -7.350853989343158901e+01
2.752629394059971219e+03 3.226481053675524890e+01
2.752650227393304249e+03 -4.728297150430735201e+02
2.752671060726637734e+03 4.320193982523633167e+02
2.752691894059971219e+03 -8.128789422672707587e+01
2.752712727393304249e+03 1.857834337493404746e+02
2.752733560726637734e+03 5.985451325774192810e+02
2.752754394059971219e+03 -1.766516270838910714e+02
2.752775227393304249e+03 -5.360315513199893758e+02
2.752796060726637734e+03 -4.863562889199238271e+02
2.752816894059971219e+03 5.423623012069147080e+02
2.752837727393304249e+03 3.260959011302329600e+02
2.752858560726637734e+03 -2.420267193601466715e+01
2.752879394059971219e+03 -9.316993937885854393e+01
2.752900227393304249e+03 -1.252519460023613647e+02
2.752921060726637734e+03 3.329055890021845698e+01
2.752941894059971219e+03 5.231534475176595151e+02
2.752962727393304249e+03 1.875390581901883706e+02
2.752983560726637734e+03 3.577771523124538362e+02
2.753004394059971219e+03 4.181769761277828366e+02
2.753025227393304249e+03 1.182118283547926694e+03
2.753046060726637734e+03 1.100928275083540939e+03
2.753066894059971219e+03 7.795008367809932679e+02
2.753087727393304249e+03 1.094914548446540721e+03
2.753108560726637734e+03 -2.608887325902469456e+01
2.753129394059971219e+03 2.698064877024153247e+02
2.753150227393304249e+03 5.363823665849631652e+02
2.753171060726637734e+03 1.110871006118832156e+03
2.753191894059971219e+03 -3.850365977147594094e+02
2.753212727393304249e+03 -2.072888713217107579e+02
2.753233560726637734e+03 1.588857248800341040e+02
2.753254394059971219e+03 -1.874095001021632925e+02
2.753275227393304249e+03 4.646132441736990586e+02
2.753296060726637734e+03 -3.920586463602958247e+02
2.753316894059971219e+03 8.259905728757148609e+02
2.753337727393304249e+03 3.828578102795872837e+02
2.753358560726637734e+03 6.848186520402086899e+02
2.753379394059971219e+03 -3.223318609257694334e+01
2.753400227393304249e+03 -4.049854500044602901e+02
2.753421060726637734e+03 2.352362621545325965e+02
2.753441894059971219e+03 4.786161556902807206e+02
2.753462727393304249e+03 2.637651654527289793e+02
2.753483560726637734e+03 3.202742407371988520e+02
2.753504394059971219e+03 1.476812835750170052e+02
2.753525227393304249e+03 4.869454491451615468e+02
2.753546060726637734e+03 4.355303280713269487e+02
2.753566894059971219e+03 8.461687363751698285e+02
2.753587727393304249e+03 2.655160482969367877e+02
2.753608560726637734e+03 6.538268171984236687e+02
2.753629394059971219e+03 3.762575194841483608e+02
2.753650227393304249e+03 8.307712263426510617e+02
2.753671060726637734e+03 -1.892597173961112276e+02
2.753691894059971219e+03 -5.200513316112337634e+02
2.753712727393304249e+03 2.193136045291321352e+02
2.753733560726637734e+03 -6.814395030484301969e+02
2.753754394059971219e+03 7.450866764725651592e+01
2.753775227393304249e+03 -8.248948290329426527e+02
2.753796060726637734e+03 -1.046442586854915135e+03
2.753816894059971219e+03 -7.376366329251322895e+01
2.753837727393304249e+03 -4.105420533203287050e+02
2.753858560726637734e+03 -2.741343195514054969e+02
2.753879394059971219e+03 3.464502103119157255e+02
2.753900227393304249e+03 -7.171173353989142925e+02
2.753921060726637734e+03 -8.320079319621436298e+01
2.753941894059971219e+03 2.550498351523419842e+02
2.753962727393304249e+03 3.797249919432215393e+01
2.753983560726637734e+03 2.147703691571950912e+01
2.754004394059971219e+03 -8.261471610320731997e+02
2.754025227393304249e+03 -4.732403122864197940e+02
2.754046060726637734e+03 -7.576819267617538571e+02
2.754066894059971219e+03 1.950334234612528235e+02
2.754087727393304249e+03 -6.523884736280888319e+01
2.754108560726637734e+03 -3.741640085168182850e+01
2.754129394059971219e+03 1.163162389539647847e+02
2.754150227393304249e+03 -7.859527595306281000e+01
2.754171060726637734e+03 3.558411371919792145e+02
2.754191894059971219e+03 4.119421718455851078e+01
2.754212727393304249e+03 -3.212930427232058719e+02
2.754233560726637734e+03 2.295983031317591667e+02
2.754254394059971219e+03 5.178557968753157184e+02
2.754275227393304249e+03 3.774909525562543422e+02
2.754296060726637734e+03 3.604072199128568172e+02
2.754316894059971219e+03 3.002199780234368518e+02
2.754337727393304249e+03 5.907847131864400581e+02
2.754358560726637734e+03 9.075661015405785292e+02
2.754379394059971219e+03 1.339882389339618385e+02
2.754400227393304249e+03 2.876946444008499384e+02
2.754421060726637734e+03 4.259990552525268868e+02
2.754441894059971219e+03 1.430773462422657758e+02
2.754462727393304249e+03 3.762653758465312421e+02
2.754483560726637734e+03 -1.861911500957794487e+02
2.754504394059971219e+03 6.477744384421966970e+02
2.754525227393304249e+03 3.574206449859775603e+01
2.754546060726637734e+03 3.410328253634506837e+02
2.754566894059971219e+03 6.774610629412345588e+02
2.754587727393304249e+03 -1.677349252266576514e+02
2.754608560726637734e+03 4.459446082434151322e+02
2.754629394059971219e+03 8.683308442279230803e+02
2.754650227393304249e+03 3.403647791539551690e+02
2.754671060726637734e+03 1.273830526333767921e+01
2.754691894059971219e+03 1.631873218122636899e+02
2.754712727393304249e+03 2.012039900105446577e+01
2.754733560726637734e+03 -9.629713818908203393e+01
2.754754394059971219e+03 5.324192837383598089e+02
2.754775227393304249e+03 3.160587385728722438e+02
2.754796060726637734e+03 -7.091198061235481873e+02
2.754816894059971219e+03 1.637808442955138162e+02
2.754837727393304249e+03 -4.556707357369596139e+02
2.754858560726637734e+03 -1.164115534145967104e+03
2.754879394059971219e+03 -3.451545159933157265e+02
2.754900227393304249e+03 -1.061640190420090221e+03
2.754921060726637734e+03 -1.152462264424189925e+03
2.754941894059971219e+03 -8.680697656421689317e+02
2.754962727393304249e+03 -9.987737491367151961e+02
2.754983560726637734e+03 -6.354896720816614106e+02
2.755004394059971219e+03 -8.000660407752729952e+02
2.755025227393304249e+03 -5.588102822047658265e+02
2.755046060726637734e+03 -3.582076174529502168e+02
2.755066894059971219e+03 -6.344643886759877205e+02
2.755087727393304249e+03 -9.414809070632327348e+01
2.755108560726637734e+03 -7.802745189962442964e+02
2.755129394059971219e+03 -6.967540294161299244e+02
2.755150227393304249e+03 -8.747539288197876886e+02
2.755171060726637734e+03 -1.945540079772472382e+02
2.755191894059971219e+03 2.324004785219440237e+02
2.755212727393304249e+03 -3.228201947405468673e+02
2.755233560726637734e+03 -1.407682694196701050e+02
2.755254394059971219e+03 -3.725209605552954599e+02
2.755275227393304249e+03 6.766253398638218641e+01
2.755296060726637734e+03 3.533792352362070233e+02
2.755316894059971219e+03 2.011730826366692781e+02
2.755337727393304249e+03 -4.093845720344688743e+02
2.755358560726637734e+03 1.281735072244191542e+02
2.755379394059971219e+03 -4.350252168707083911e+01
2.755400227393304249e+03 -2.852672881213948131e+00
2.755421060726637734e+03 -8.650377292756456882e+01
2.755441894059971219e+03 -9.684326814118539914e+02
2.755462727393304249e+03 -3.196912320348201320e+02
2.755483560726637734e+03 -5.988182284203357995e+02
2.755504394059971219e+03 5.053369623806793243e+01
2.755525227393304249e+03 -4.434953362474916503e+02
2.755546060726637734e+03 -5.297559998794458807e+02
2.755566894059971219e+03 -2.447004729181062430e+02
2.755587727393304249e+03 -4.588600842083105817e+02
2.755608560726637734e+03 1.009517502262024209e+02
2.755629394059971219e+03 1.849738574270159006e+02
2.755650227393304249e+03 2.567979711948428303e+02
2.755671060726637734e+03 7.722527037851978093e+01
2.755691894059971219e+03 1.243826959736179560e+02
2.755712727393304249e+03 1.099599345094757155e+02
2.755733560726637734e+03 1.987554164510220289e+02
2.755754394059971219e+03 -2.573613636029185727e+02
2.755775227393304249e+03 -2.392369656118098646e+02
2.755796060726637734e+03 -3.911805638666264713e+02
2.755816894059971219e+03 2.595944394604302943e+02
2.755837727393304249e+03 -1.021299490478122607e+02
2.755858560726637734e+03 -3.920082445035222918e+01
2.755879394059971219e+03 1.933914995406521484e+02
2.755900227393304249e+03 -1.898874630257487297e+02
2.755921060726637734e+03 7.664939882074249908e+02
2.755941894059971219e+03 -1.931410981039516628e+02
2.755962727393304249e+03 1.653733049519360065e+01
2.755983560726637734e+03 -3.366684697428718209e+01
2.756004394059971219e+03 nan
2.756025227393304249e+03 nan
2.756046060726637734e+03 nan
2.756066894059971219e+03 nan
2.756087727393304249e+03 nan
2.756108560726637734e+03 nan
2.756129394059971219e+03 nan
2.756150227393304249e+03 nan
2.756171060726637734e+03 nan
2.756191894059971219e+03 nan
2.756212727393304249e+03 nan
2.756233560726637734e+03 nan
2.756254394059971219e+03 nan
2.756275227393304249e+03 nan
2.756296060726637734e+03 nan
2.756316894059971219e+03 nan
2.756337727393304704e+03 nan
2.756358560726637734e+03 nan
2.756379394059971219e+03 nan
2.756400227393304704e+03 nan
2.756421060726637734e+03 nan
2.756441894059971219e+03 nan
2.756462727393304704e+03 nan
2.756483560726637734e+03 nan
2.756504394059971219e+03 nan
2.756525227393304704e+03 nan
2.756546060726637734e+03 nan
2.756566894059971219e+03 nan
2.756587727393304704e+03 nan
2.756608560726637734e+03 nan
2.756629394059971219e+03 nan
2.756650227393304704e+03 nan
2.756671060726637734e+03 nan
2.756691894059971219e+03 nan
2.756712727393304704e+03 nan
2.756733560726637734e+03 nan
2.756754394059971219e+03 nan
2.756775227393304704e+03 nan
2.756796060726637734e+03 nan
2.756816894059971219e+03 nan
2.756837727393304704e+03 nan
2.756858560726637734e+03 nan
2.756879394059971219e+03 nan
2.756900227393304704e+03 nan
2.756921060726637734e+03 9.916671147604938596e+01
2.756941894059971219e+03 -6.897129719434306026e+02
2.756962727393304704e+03 -4.231435658705886453e+02
2.756983560726637734e+03 -8.865062096341280267e+02
2.757004394059971219e+03 -5.959677883167751133e+01
2.757025227393304704e+03 -8.846626073120860383e+02
2.757046060726637734e+03 -7.524182045890484005e+01
2.757066894059971219e+03 -3.819088889420963824e+02
2.757087727393304704e+03 -5.165999948901589960e+02
2.757108560726637734e+03 1.977568668657913804e+02
2.757129394059971219e+03 2.921342469173250720e+02
2.757150227393304704e+03 -6.809732438835781068e+02
2.757171060726637734e+03 -7.080773275230312720e+02
2.757191894059971219e+03 -4.918904539850773290e+02
2.757212727393304704e+03 -7.986957468651235104e+02
2.757233560726637734e+03 -2.266143455611309037e+02
2.757254394059971219e+03 -5.821944762370549142e+00
2.757275227393304704e+03 -4.436903479089960456e+02
2.757296060726637734e+03 2.864580438390839845e+02
2.757316894059971219e+03 5.953990355089772493e+02
2.757337727393304704e+03 -2.315499620848568156e+02
2.757358560726637734e+03 8.996673325622687116e+02
2.757379394059971219e+03 1.516803690888802521e+03
2.757400227393304704e+03 5.951675436054356396e+02
2.757421060726637734e+03 9.645874753377866000e+02
2.757441894059971219e+03 4.690469812945229933e+02
2.757462727393304704e+03 -2.433504216113360599e+02
2.757483560726637734e+03 3.349203057688428089e+02
2.757504394059971219e+03 -6.913496444607153535e+01
2.757525227393304704e+03 -6.368730728481896222e+02
2.757546060726637734e+03 -5.712714071634691209e+02
2.757566894059971219e+03 -1.121003073743893765e+03
2.757587727393304704e+03 -7.504538677071686834e+02
2.757608560726637734e+03 -2.371671055430779234e+02
2.757629394059971219e+03 1.711924936672439799e+02
2.757650227393304704e+03 -2.556007127424236387e+02
2.757671060726637734e+03 5.580287443849956617e+02
2.757691894059971219e+03 6.804152882999042049e+02
2.757712727393304704e+03 1.481192634105682373e+02
2.757733560726637734e+03 -7.151029564207419753e+01
2.757754394059971219e+03 1.032198877203511074e+03
2.757775227393304704e+03 5.183885250170715153e+02
2.757796060726637734e+03 7.785407510669901967e+02
2.757816894059971219e+03 2.198178612580522895e+01
2.757837727393304704e+03 2.180966246632160619e+02
2.757858560726637734e+03 8.439071753609459847e+01
2.757879394059971219e+03 3.708406088765477762e+02
2.757900227393304704e+03 4.044246818940155208e+01
2.757921060726637734e+03 3.972374065610347316e+02
2.757941894059971219e+03 -3.145839667214313522e+02
2.757962727393304704e+03 -3.646756275292718783e+02
2.757983560726637734e+03 -6.216369763397378847e+02
2.758004394059971219e+03 7.412392358856741339e+02
2.758025227393304704e+03 9.323668997505446896e+02
2.758046060726637734e+03 4.989378514046547934e+02
2.758066894059971219e+03 1.275106058594537899e+02
2.758087727393304704e+03 1.014360197768895887e+03
2.758108560726637734e+03 6.684883697145851329e+02
2.758129394059971219e+03 4.055328471403336152e+02
2.758150227393304704e+03 -4.776848089675186202e+02
2.758171060726637734e+03 -7.464016490733483806e+02
2.758191894059971219e+03 -4.538288000330794603e+02
2.758212727393304704e+03 -7.354490476207574829e+02
2.758233560726637734e+03 -6.132068419255083427e+02
2.758254394059971219e+03 -6.243975153394276276e+02
2.758275227393304704e+03 -4.997956761698005721e+02
2.758296060726637734e+03 -7.153162380357971415e+02
2.758316894059971219e+03 -2.514205538177629933e+02
2.758337727393304704e+03 -2.040493497204734012e+02
2.758358560726637734e+03 1.999595046241302043e+01
2.758379394059971219e+03 -5.682673819084884599e+02
2.758400227393304704e+03 2.147258809936465696e+02
2.758421060726637734e+03 -6.126554867383092642e+02
2.758441894059971219e+03 -6.548648212252883241e+02
2.758462727393304704e+03 -6.961066692697349936e+02
2.758483560726637734e+03 -7.652238294378621504e+02
2.758504394059971219e+03 -7.753135282734874636e+02
2.758525227393304704e+03 -9.299192652314668521e+02
2.758546060726637734e+03 -4.174227763050002977e+02
2.758566894059971219e+03 -1.244934141481062397e+02
2.758587727393304704e+03 -1.208870301833958365e+03
2.758608560726637734e+03 -8.538606191343860701e+02
2.758629394059971219e+03 -9.416013479513349012e+02
2.758650227393304704e+03 -4.873051783133996651e+02
2.758671060726637734e+03 4.776859978318680078e+02
2.758691894059971219e+03 -5.484435307900421321e+02
2.758712727393304704e+03 -2.931663457803661004e+02
2.758733560726637734e+03 -3.821006630373885855e+02
2.758754394059971219e+03 -1.063632500554667786e+02
2.758775227393304704e+03 -5.876922105312114581e+02
2.758796060726637734e+03 -7.989181755199097097e+02
2.758816894059971219e+03 -4.305559350230032578e+02
2.758837727393304704e+03 -7.468377121598459780e+02
2.758858560726637734e+03 -8.570750619148602709e+02
2.758879394059971219e+03 -1.312781597528373823e+02
2.758900227393304704e+03 1.891140059361932799e+02
2.758921060726637734e+03 3.566307382599916309e+01
2.758941894059971219e+03 3.162692038498353213e+02
2.758962727393304704e+03 -1.793266688951989636e+02
2.758983560726637734e+03 -6.295843621039530262e+02
2.759004394059971219e+03 3.069588956200750545e+02
2.759025227393304704e+03 1.216122309892671183e+02
2.759046060726637734e+03 -2.876419766750186682e+02
2.759066894059971219e+03 -1.810203887486131862e+02
2.759087727393304704e+03 7.761664431836688891e+02
2.759108560726637734e+03 6.955784764537820593e+02
2.759129394059971219e+03 1.048865484801703133e+03
2.759150227393304704e+03 9.222651780098676682e+02
2.759171060726637734e+03 6.516278818373102695e+02
2.759191894059971219e+03 8.924588053900515661e+02
2.759212727393304704e+03 1.085033786191372201e+03
2.759233560726637734e+03 4.957510494402376935e+02
2.759254394059971219e+03 6.060411473095882684e+01
2.759275227393304704e+03 6.068735205166740343e+02
2.759296060726637734e+03 1.104118910652934574e+03
2.759316894059971219e+03 1.707124650195473805e+02
2.759337727393304704e+03 3.272131773900473490e+02
2.759358560726637734e+03 9.364661364791681990e+02
2.759379394059971219e+03 -1.528197652339003980e+02
2.759400227393304704e+03 -1.215292188110761344e+02
2.759421060726637734e+03 1.397356460172450170e+02
2.759441894059971219e+03 2.084656812241300941e+02
2.759462727393304704e+03 6.476021515217144042e+02
2.759483560726637734e+03 1.272006178136682138e+03
2.759504394059971219e+03 4.981054450699593872e+02
2.759525227393304704e+03 1.057026046620565467e+03
2.759546060726637734e+03 1.230394673221278936e+03
2.759566894059971219e+03 1.253253029425395653e+03
2.759587727393304704e+03 1.153373441636795178e+03
2.759608560726637734e+03 8.176416132131125778e+02
2.759629394059971219e+03 1.545797414186410606e+03
2.759650227393304704e+03 8.609945477207656950e+02
2.759671060726637734e+03 1.421434297055355273e+03
2.759691894059971219e+03 1.576332346934941597e+03
2.759712727393304704e+03 1.130498560069827363e+02
2.759733560726637734e+03 4.706503635542467237e+02
2.759754394059971219e+03 4.835929255934897810e+02
2.759775227393304704e+03 2.723999757610727102e+01
2.759796060726637734e+03 2.490295260529965162e+02
2.759816894059971219e+03 1.017349353537429124e+02
2.759837727393304704e+03 -9.155047696386463940e+01
2.759858560726637734e+03 -2.003310938959475607e+01
2.759879394059971219e+03 -2.523868435086915269e+02
2.759900227393304704e+03 4.181878984823124483e+02
2.759921060726637734e+03 2.127335496479645371e+00
2.759941894059971219e+03 -1.315881780481431633e+02
2.759962727393304704e+03 -4.944502427243860438e+02
2.759983560726637734e+03 7.226250342838466167e+01
2.760004394059971219e+03 4.259368863414274529e+02
2.760025227393304704e+03 -5.653780953765381128e+02
2.760046060726637734e+03 -7.197654719797428697e+02
2.760066894059971219e+03 -1.102835987751488574e+03
2.760087727393304704e+03 -1.288201626561698504e+03
2.760108560726637734e+03 -1.396224974172655493e+02
2.760129394059971219e+03 -1.911091695757349953e+02
2.760150227393304704e+03 -1.052315838316921145e+03
2.760171060726637734e+03 8.291364413069095463e+01
2.760191894059971219e+03 -1.287994128366699442e+02
2.760212727393304704e+03 -2.752847316847182810e+02
2.760233560726637734e+03 1.588385223408695310e+02
2.760254394059971219e+03 -2.902710597744444385e+02
2.760275227393304704e+03 1.220361489128554240e+02
2.760296060726637734e+03 6.213487646181602031e+02
2.760316894059971219e+03 -2.935092749608447775e+02
2.760337727393304704e+03 4.054507002234458923e+00
2.760358560726637734e+03 -2.941109119333559647e+02
2.760379394059971219e+03 -9.581797083746641874e+02
2.760400227393304704e+03 -1.592654342735884711e+03
2.760421060726637734e+03 -3.627839244784554467e+02
2.760441894059971219e+03 -9.852636469337157905e+02
2.760462727393304704e+03 -1.044037854175549001e+03
2.760483560726637734e+03 -1.247938602218637243e+02
2.760504394059971219e+03 -3.734818628822686151e+02
2.760525227393304704e+03 1.375580184014979750e+02
2.760546060726637734e+03 -3.218442899683723226e+02
2.760566894059971219e+03 2.549229333910625428e+01
2.760587727393304704e+03 4.568049502072390169e+02
2.760608560726637734e+03 1.159906929497024976e+03
2.760629394059971219e+03 4.307453705780208111e+02
2.760650227393304704e+03 -1.136561589605407789e+02
2.760671060726637734e+03 -5.163787518768804148e+02
2.760691894059971219e+03 -7.646538762871641666e+02
2.760712727393304704e+03 -7.150826693155104294e+02
2.760733560726637734e+03 -1.157813193522160873e+02
2.760754394059971219e+03 -7.659425003705546260e+02
2.760775227393304704e+03 -1.199551072747795843e+03
2.760796060726637734e+03 -6.897111322244163603e+02
2.760816894059971219e+03 -3.645435820146230981e+02
2.760837727393304704e+03 -3.255113047742052004e+02
2.760858560726637734e+03 4.505283828638494015e+02
2.760879394059971219e+03 9.163029383178800344e+02
2.760900227393304704e+03 3.879541453402489424e+02
2.760921060726637734e+03 -1.457349060921696946e+02
2.760941894059971219e+03 -1.536691699809161946e+02
2.760962727393304704e+03 5.557662939416477457e+02
2.760983560726637734e+03 8.863071558286901563e+01
2.761004394059971219e+03 1.310967242069309577e+02
2.761025227393304704e+03 -3.451473735186737031e+02
2.761046060726637734e+03 -6.288347319995518774e+02
2.761066894059971219e+03 -1.001238819966441952e+03
2.761087727393304704e+03 -1.671385634334525093e+03
2.761108560726637734e+03 -1.153243680360843427e+03
2.761129394059971219e+03 -5.846209681465988979e+02
2.761150227393304704e+03 -4.965032470596488565e+02
2.761171060726637734e+03 -2.480756698576733470e+02
2.761191894059971219e+03 -3.240862004003720358e+02
2.761212727393304704e+03 -3.633422220058273524e+02
2.761233560726637734e+03 8.335752722306642681e+01
2.761254394059971219e+03 -7.504890684888232499e+01
2.761275227393304704e+03 5.135984531808644533e+02
2.761296060726637734e+03 5.114554755367571488e+02
2.761316894059971219e+03 -6.276101683931192383e+02
2.761337727393304704e+03 6.459956276307348162e+02
2.761358560726637734e+03 1.707106451812433079e+02
2.761379394059971219e+03 -2.168727979712421075e+02
2.761400227393304704e+03 -5.409347567170625553e+02
2.761421060726637734e+03 -3.814231152225984260e+02
2.761441894059971219e+03 -4.468142878378275782e+02
2.761462727393304704e+03 4.039697437012800947e+02
2.761483560726637734e+03 6.060218598344363272e+01
2.761504394059971219e+03 2.465917855632724240e+02
2.761525227393304704e+03 9.296664848979562521e+02
2.761546060726637734e+03 -1.078367761905537918e+02
2.761566894059971219e+03 4.589917888481868431e+02
2.761587727393304704e+03 5.424895542546873912e+02
2.761608560726637734e+03 5.657135954817058519e+02
2.761629394059971219e+03 8.277412675274536014e+01
2.761650227393304704e+03 -3.642253323432523757e+02
2.761671060726637734e+03 -1.137339399675838649e+02
2.761691894059971219e+03 -3.387396107432432473e+02
2.761712727393304704e+03 3.294965561908902600e+02
2.761733560726637734e+03 2.678375200200825930e+02
2.761754394059971219e+03 -9.971932935458607972e+01
2.761775227393304704e+03 -1.098287850256660022e+03
2.761796060726637734e+03 2.661306942580267787e+02
2.761816894059971219e+03 -5.508144803713075817e+02
2.761837727393304704e+03 -4.840920606326544657e+02
2.761858560726637734e+03 4.395540313748642802e+01
2.761879394059971219e+03 -2.739706723729614168e+01
2.761900227393304249e+03 -2.854256490000989288e+01
2.761921060726637734e+03 3.409474312398815528e+02
2.761941894059971219e+03 1.031099116127006710e+01
2.761962727393304249e+03 -2.230452976368833333e+02
2.761983560726637734e+03 3.361870516444323584e+02
2.762004394059971219e+03 1.167680583315668628e+02
2.762025227393304249e+03 2.852878250287612900e+02
2.762046060726637734e+03 -1.848649799906415865e+02
2.762066894059971219e+03 -1.747466740760719404e+02
2.762087727393304249e+03 3.547288878876715899e+02
2.762108560726637734e+03 -5.952369901145575568e+02
2.762129394059971219e+03 -3.595226573436520994e+02
2.762150227393304249e+03 -8.395640353730414063e+01
2.762171060726637734e+03 4.246727889848407358e+02
2.762191894059971219e+03 -2.701715180485043675e+02
2.762212727393304249e+03 -1.835667480668053031e+01
2.762233560726637734e+03 -1.885641341109294444e+01
2.762254394059971219e+03 3.893593058665283024e+01
2.762275227393304249e+03 1.948557600392960012e+02
2.762296060726637734e+03 -2.681817897647852078e+02
2.762316894059971219e+03 1.636895768378162757e+02
2.762337727393304249e+03 -2.815707676286110654e+02
2.762358560726637734e+03 4.878450447603827342e+02
2.762379394059971219e+03 3.763196026822552085e+02
2.762400227393304249e+03 7.300266286281403154e+02
2.762421060726637734e+03 9.044257778298342600e+02
2.762441894059971219e+03 8.606471316621173173e+02
2.762462727393304249e+03 1.109314590946887620e+03
2.762483560726637734e+03 1.168076225687982515e+03
2.762504394059971219e+03 1.118674457975313999e+03
2.762525227393304249e+03 1.000174432578030974e+03
2.762546060726637734e+03 8.256812867312692106e+02
2.762566894059971219e+03 1.307143543156213127e+03
2.762587727393304249e+03 1.486158599047805183e+03
2.762608560726637734e+03 6.609050826685270295e+02
2.762629394059971219e+03 9.389742086180485785e+02
2.762650227393304249e+03 -1.342165906224399805e+02
2.762671060726637734e+03 6.777205960615538061e+02
2.762691894059971219e+03 5.616780241145752370e+02
2.762712727393304249e+03 3.506982065426418558e+02
2.762733560726637734e+03 -9.169897903071250767e+01
2.762754394059971219e+03 2.689686001245863736e+02
2.762775227393304249e+03 1.061023030460346490e+02
2.762796060726637734e+03 -2.831493567777797580e+02
2.762816894059971219e+03 1.656186885413480923e+02
2.762837727393304249e+03 6.019747433114098385e+02
2.762858560726637734e+03 -5.092174691340187564e+02
2.762879394059971219e+03 3.216043304728809744e+02
2.762900227393304249e+03 2.273409089281922206e+02
2.762921060726637734e+03 -2.177729190888348967e+02
2.762941894059971219e+03 nan
2.762962727393304249e+03 -2.133355458962032571e+02
2.762983560726637734e+03 1.600642042255494744e+02
2.763004394059971219e+03 -5.100104023251915351e+02
2.763025227393304249e+03 -3.678854665089165792e+02
2.763046060726637734e+03 6.739840432470664382e+02
2.763066894059971219e+03 -3.053383308928459883e+02
2.763087727393304249e+03 -6.988487566495314240e+02
2.763108560726637734e+03 -3.796193328950321302e+02
2.763129394059971219e+03 -6.338910832857945934e+02
2.763150227393304249e+03 1.601434424510225654e+02
2.763171060726637734e+03 -4.744211144312284887e+02
2.763191894059971219e+03 1.451442504784790799e+02
2.763212727393304249e+03 2.037524340553209186e+02
2.763233560726637734e+03 -5.155533174832817167e+01
2.763254394059971219e+03 3.968436529559548944e+02
2.763275227393304249e+03 4.972933595580980182e+02
2.763296060726637734e+03 6.470360446178819984e+02
2.763316894059971219e+03 2.307966106687672436e+00
2.763337727393304249e+03 1.212537861674791202e+03
2.763358560726637734e+03 2.062506848772754893e+02
2.763379394059971219e+03 4.145160497976467013e+02
2.763400227393304249e+03 3.624631864490220323e+02
2.763421060726637734e+03 2.838573913483414799e+02
2.763441894059971219e+03 5.612875872190343216e+02
2.763462727393304249e+03 1.332387260989053175e+02
2.763483560726637734e+03 -8.924174557975493371e+01
2.763504394059971219e+03 9.828818613523617387e+01
2.763525227393304249e+03 2.631029013335937634e+02
2.763546060726637734e+03 -4.107619959256844595e+02
2.763566894059971219e+03 -2.381675808060681447e+02
2.763587727393304249e+03 -6.681922862387727946e+02
2.763608560726637734e+03 -1.429682849799282849e+02
2.763629394059971219e+03 -5.246635654924903065e+02
2.763650227393304249e+03 5.914244284883607179e+02
2.763671060726637734e+03 6.171961047953227535e+02
2.763691894059971219e+03 3.471567509940359741e+02
2.763712727393304249e+03 -2.614750010217539966e+01
2.763733560726637734e+03 1.012501695054234006e+03
2.763754394059971219e+03 2.294431885147932917e+02
2.763775227393304249e+03 1.661307152129011229e+02
2.763796060726637734e+03 3.680642804829403758e+02
2.763816894059971219e+03 6.241672909876797348e+01
2.763837727393304249e+03 -4.481091241759713739e+02
2.763858560726637734e+03 -9.201111267234664410e+02
2.763879394059971219e+03 -7.057163873988902196e+02
2.763900227393304249e+03 -1.040661039763013832e+03
2.763921060726637734e+03 -9.876532160296337679e+02
2.763941894059971219e+03 -1.191667185231694020e+03
2.763962727393304249e+03 -1.316069996339501813e+03
2.763983560726637734e+03 -1.584163560054381378e+03
2.764004394059971219e+03 -9.119619747770484537e+02
2.764025227393304249e+03 -4.492789476956240833e+02
2.764046060726637734e+03 -2.359181292569264770e+02
2.764066894059971219e+03 -9.202856090662535280e+02
2.764087727393304249e+03 -9.298192338038934395e+02
2.764108560726637734e+03 -1.575133762493496761e+02
2.764129394059971219e+03 8.440022694700164720e+02
2.764150227393304249e+03 8.448360076054232195e+02
2.764171060726637734e+03 3.423137249860446900e+02
2.764191894059971219e+03 1.078975406763376668e+03
2.764212727393304249e+03 1.248812072291853838e+03
2.764233560726637734e+03 5.342147863508434966e+02
2.764254394059971219e+03 5.224984294426394626e+02
2.764275227393304249e+03 -4.260693309350172058e+02
2.764296060726637734e+03 3.572440600942354649e+01
2.764316894059971219e+03 -2.855382864703424275e+02
2.764337727393304249e+03 -5.960103826511185616e+02
2.764358560726637734e+03 -1.376258909568190575e+03
2.764379394059971219e+03 -6.531611902177101001e+02
2.764400227393304249e+03 -4.717540557837346569e+02
2.764421060726637734e+03 -7.920421652228105813e+01
2.764441894059971219e+03 3.592790583986788988e+01
2.764462727393304249e+03 5.718562143024755642e+02
2.764483560726637734e+03 2.965546715997625142e+02
2.764504394059971219e+03 1.527217022689292207e+02
2.764525227393304249e+03 4.270132090551778674e+02
2.764546060726637734e+03 1.481763725064112805e+03
2.764566894059970764e+03 4.067002947017317638e+02
2.764587727393304249e+03 1.026565002106130123e+03
2.764608560726637734e+03 -4.222597984480671585e+02
2.764629394059970764e+03 7.144579354673624039e+02
2.764650227393304249e+03 -2.842398988025961444e+02
2.764671060726637734e+03 -1.343789021833799779e+00
2.764691894059970764e+03 -4.623178731009829789e+01
2.764712727393304249e+03 -3.824247151040472090e+02
2.764733560726637734e+03 -2.761301148748025298e+02
2.764754394059970764e+03 -1.485544128664769232e+02
2.764775227393304249e+03 4.123351715981261805e+02
2.764796060726637734e+03 -5.404931437049526721e+02
2.764816894059970764e+03 8.422585821899119765e+02
2.764837727393304249e+03 3.239931368980323896e+02
2.764858560726637734e+03 7.360330178771400824e+02
2.764879394059970764e+03 -5.754273718356853351e+02
2.764900227393304249e+03 -3.004694626649143174e+02
2.764921060726637734e+03 8.649921413841657341e+02
2.764941894059970764e+03 5.257860916700446978e+02
2.764962727393304249e+03 -7.014472694625146687e+01
2.764983560726637734e+03 -4.216094011656241491e+02
2.765004394059970764e+03 -2.486564186277100816e+02
2.765025227393304249e+03 -1.931188278672052547e+02
2.765046060726637734e+03 -5.265091893913922831e+02
2.765066894059970764e+03 -9.717834893545368686e+02
2.765087727393304249e+03 -2.113450102233327925e+02
2.765108560726637734e+03 4.322829226960893720e+02
2.765129394059970764e+03 -1.771672361775999889e+02
2.765150227393304249e+03 -7.406741316046100110e+01
2.765171060726637734e+03 -3.831919416205491871e+02
2.765191894059970764e+03 -6.361561969243921340e+02
2.765212727393304249e+03 -7.753747663621325046e+02
2.765233560726637734e+03 9.905008510919287801e+00
2.765254394059970764e+03 -1.764117297132033855e+02
2.765275227393304249e+03 -6.102708010119386017e+02
2.765296060726637734e+03 1.285944069934776053e+02
2.765316894059970764e+03 -3.680053635346703231e+02
2.765337727393304249e+03 -3.774190950104966760e+02
2.765358560726637734e+03 -2.032428714140551165e+02
2.765379394059970764e+03 -8.112015733344014734e+01
2.765400227393304249e+03 5.448482416472397745e+02
2.765421060726637734e+03 -1.794871971076354384e+02
2.765441894059970764e+03 3.157990033058449626e+02
2.765462727393304249e+03 3.762536712216679007e+02
2.765483560726637734e+03 -2.761589139349525794e+02
2.765504394059970764e+03 5.697192623413866386e+02
2.765525227393304249e+03 -2.673475260112900287e+01
2.765546060726637734e+03 5.748851371451746672e+01
2.765566894059970764e+03 1.135203327073249966e+02
2.765587727393304249e+03 -2.493516466254368424e+02
2.765608560726637734e+03 -2.734835522713838145e+02
2.765629394059970764e+03 -5.019884132134029642e+02
2.765650227393304249e+03 -4.045795501836109906e+02
2.765671060726637734e+03 4.031358079859055579e+02
2.765691894059970764e+03 -1.432426168384263292e+02
2.765712727393304249e+03 -4.281368482515681535e+02
2.765733560726637734e+03 6.037960429070517421e+01
2.765754394059970764e+03 -1.775366696935379878e+02
2.765775227393304249e+03 9.196741126698907465e+01
2.765796060726637734e+03 5.166500815958715975e+01
2.765816894059970764e+03 -1.532258800658164546e+02
2.765837727393304249e+03 8.688721836707554758e+02
2.765858560726637734e+03 2.748487488535465673e+02
2.765879394059970764e+03 4.098483718814095482e+02
2.765900227393304249e+03 2.039713205439038575e+02
2.765921060726637734e+03 -2.837627657755510882e+02
2.765941894059970764e+03 4.879877653565490618e+02
2.765962727393304249e+03 5.273963182055158541e+02
2.765983560726637734e+03 -3.771689235221128911e+01
2.766004394059970764e+03 -1.384479538898449391e+02
2.766025227393304249e+03 -8.219631616456899792e+01
2.766046060726637734e+03 -6.616682396322721615e+02
2.766066894059970764e+03 -5.084627329631475732e+02
2.766087727393304249e+03 3.255497799575095996e+02
2.766108560726637734e+03 -6.359997215183684602e+02
2.766129394059970764e+03 -3.927213858674513176e+02
2.766150227393304249e+03 -2.987275362169602886e+02
2.766171060726637734e+03 3.626106951339170337e+01
2.766191894059970764e+03 3.795826269024983048e+02
2.766212727393304249e+03 2.331583403431577608e+02
2.766233560726637734e+03 3.164584282522555441e+02
2.766254394059970764e+03 2.459386309380643070e+02
2.766275227393304249e+03 2.266525984087493271e+02
2.766296060726637734e+03 -7.269534463577438146e+02
2.766316894059970764e+03 3.280030046157771721e+02
2.766337727393304249e+03 -3.145156722061801702e+01
2.766358560726637734e+03 2.461215500994585454e+02
2.766379394059970764e+03 -7.502609675608109683e+02
2.766400227393304249e+03 2.341836809571832418e+02
2.766421060726637734e+03 -8.941595784807577729e+02
2.766441894059970764e+03 -8.809337676557479426e+02
2.766462727393304249e+03 -5.124945534652797505e+02
2.766483560726637734e+03 -2.378269877936691046e+01
2.766504394059970764e+03 -5.306249110656790435e+01
2.766525227393304249e+03 -6.810550304903881624e+02
2.766546060726637734e+03 -3.297639823926147074e+02
2.766566894059970764e+03 3.724759260010905564e+02
2.766587727393304249e+03 1.729317116664024070e+02
2.766608560726637734e+03 -1.891233900513034314e+02
2.766629394059970764e+03 -1.677824017161037773e+02
2.766650227393304249e+03 -3.869557119150413200e+02
2.766671060726637734e+03 -5.071416890772525221e+01
2.766691894059970764e+03 -8.233738522033672780e+02
2.766712727393304249e+03 -5.957267640605568886e+02
2.766733560726637734e+03 -4.955248903742758557e+02
2.766754394059970764e+03 -8.796080202884040773e+02
2.766775227393304249e+03 1.506730741293868050e+02
2.766796060726637734e+03 -2.767887214437359944e+02
2.766816894059970764e+03 -9.871545892689609900e+02
2.766837727393304249e+03 -3.885938108967384323e+02
2.766858560726637734e+03 4.186229136190377176e+01
2.766879394059970764e+03 -6.184991518441820517e+02
2.766900227393304249e+03 -2.892343738768249750e+02
2.766921060726637734e+03 5.687624205801403150e+02
2.766941894059970764e+03 -6.246445535956881940e+02
2.766962727393304249e+03 -1.294525408437475562e+02
2.766983560726637734e+03 3.136736355104949325e+01
2.767004394059970764e+03 4.777240509481634945e+01
2.767025227393304249e+03 6.281690980454441160e+02
2.767046060726637734e+03 5.163114661069121212e+02
2.767066894059970764e+03 7.884667904798407108e+02
2.767087727393304249e+03 -3.871342518684687093e+02
2.767108560726637734e+03 1.551532988746184856e+02
2.767129394059970764e+03 -2.673839594150194898e+02
2.767150227393304249e+03 -8.151533643226139247e+01
2.767171060726637734e+03 4.839148564363131300e+02
2.767191894059970764e+03 3.879805434689624235e+02
2.767212727393304249e+03 -8.921505253401119262e+01
2.767233560726637279e+03 -2.410152843098621815e+02
2.767254394059970764e+03 -1.605851425892906263e+02
2.767275227393304249e+03 -1.579568224714603275e+02
2.767296060726637279e+03 1.167329696224769577e+02
2.767316894059970764e+03 2.746629929193295538e+02
2.767337727393304249e+03 9.797039437651401386e+02
2.767358560726637279e+03 4.792837356813251972e+02
2.767379394059970764e+03 4.620548033902887255e+02
2.767400227393304249e+03 6.924695432161679491e+02
2.767421060726637279e+03 4.340768378755310550e+02
2.767441894059970764e+03 1.742153294294839725e+02
2.767462727393304249e+03 2.391439609603257850e+02
2.767483560726637279e+03 5.939997648966964334e+02
2.767504394059970764e+03 7.565369468270801008e+02
2.767525227393304249e+03 4.910544818948255852e+02
2.767546060726637279e+03 9.702766759820515290e+02
2.767566894059970764e+03 -2.256804161749314517e+02
2.767587727393304249e+03 9.039741148214088753e+02
2.767608560726637279e+03 4.284302297027315944e+02
2.767629394059970764e+03 6.421539773349650204e+02
2.767650227393304249e+03 8.479114541976014152e+02
2.767671060726637279e+03 6.880272193951532245e+02
2.767691894059970764e+03 8.655896633438533172e+02
2.767712727393304249e+03 6.468125582806533203e+02
2.767733560726637279e+03 9.720876779475947842e+02
2.767754394059970764e+03 9.509903340453747660e+02
2.767775227393304249e+03 8.498006990201538429e+02
2.767796060726637279e+03 5.653805920965969563e+02
2.767816894059970764e+03 -8.405178409232757986e+01
2.767837727393304249e+03 4.941027124032843858e+02
2.767858560726637279e+03 1.689899001922458410e+01
2.767879394059970764e+03 2.354653949834173545e+02
2.767900227393304249e+03 6.685427322430768982e+02
2.767921060726637279e+03 6.568618877273984253e+02
2.767941894059970764e+03 6.082957400407176465e+02
2.767962727393304249e+03 -9.514644286793190986e+01
2.767983560726637279e+03 -2.962819862179458141e+00
2.768004394059970764e+03 1.814353712223237380e+02
2.768025227393304249e+03 -3.430911960523808375e+02
2.768046060726637279e+03 2.016688009520294145e+02
2.768066894059970764e+03 -2.844470962095074356e+02
2.768087727393304249e+03 -7.353678208659403026e+00
2.768108560726637279e+03 -1.574559516746085137e+02
2.768129394059970764e+03 -1.757015874477801844e+02
2.768150227393304249e+03 7.079744358384050429e+02
2.768171060726637279e+03 9.940429841581499204e+02
2.768191894059970764e+03 5.439158573133172467e+02
2.768212727393304249e+03 6.282627152432687581e+02
2.768233560726637279e+03 6.101609663736307994e+02
2.768254394059970764e+03 1.973239199772942811e+02
2.768275227393304249e+03 -2.148614978825207800e+01
2.768296060726637279e+03 9.624704644336597994e+02
2.768316894059970764e+03 3.825272098390851170e+02
2.768337727393304249e+03 -3.336700042843585834e+02
2.768358560726637279e+03 3.072006615338614210e+02
2.768379394059970764e+03 3.292584800001932308e+02
2.768400227393304249e+03 5.125628096016589552e+01
2.768421060726637279e+03 4.536463273478439078e+02
2.768441894059970764e+03 3.545264700991101563e+02
2.768462727393304249e+03 2.355777512124041095e+02
2.768483560726637279e+03 -2.183166623481083661e+02
2.768504394059970764e+03 4.830760610896395519e+02
2.768525227393304249e+03 3.520518427244387567e+02
2.768546060726637279e+03 -3.900263523849425837e+02
2.768566894059970764e+03 -6.183730124658904970e+01
2.768587727393304249e+03 -3.408405219806591049e+02
2.768608560726637279e+03 -1.963621645709499717e+02
2.768629394059970764e+03 2.664728712479118258e+02
2.768650227393304249e+03 -5.053869470151839778e+02
2.768671060726637279e+03 1.659770368981407955e+02
2.768691894059970764e+03 -6.230982176297111437e+02
2.768712727393304249e+03 4.686888396868016571e+02
2.768733560726637279e+03 -3.859275065482361242e+02
2.768754394059970764e+03 -1.113773769725346938e+03
2.768775227393304249e+03 8.974910184065811336e+01
2.768796060726637279e+03 5.131448891968466341e+01
2.768816894059970764e+03 3.903531204904429615e+02
2.768837727393304249e+03 -2.833217748531606048e+02
2.768858560726637279e+03 5.670537195717915893e+02
2.768879394059970764e+03 -5.450874602170661092e+02
2.768900227393304249e+03 -4.861559747704304755e+02
2.768921060726637279e+03 -1.671620186255313456e+02
2.768941894059970764e+03 7.933314322461374104e+02
2.768962727393304249e+03 4.759373195446096361e+01
2.768983560726637279e+03 -3.527214328113477677e+02
