1.816096801757812500e+03 4.109795915299328044e+02
1.816117614746093750e+03 -1.046856224667280912e+02
1.816138488769531250e+03 -4.017019036827841774e+02
1.816159301757812500e+03 3.374498209286248311e+02
1.816180114746093750e+03 7.343891715015051886e+02
1.816200988769531250e+03 1.134629939876031131e+02
1.816221801757812500e+03 -3.720779875429579988e+02
1.816242614746093750e+03 3.797552388859912753e+01
1.816263488769531250e+03 -6.022826859760098159e+02
1.816284301757812500e+03 -2.647734089416917413e+01
1.816305114746093750e+03 1.968964899805141613e+02
1.816325988769531250e+03 4.097227348054293543e+02
1.816346801757812500e+03 -4.432703484396915883e+01
1.816367614746093750e+03 -1.106344432265032083e+03
1.816388488769531250e+03 -5.511487496958579868e+01
1.816409301757812500e+03 1.112497476545395330e+02
1.816430114746093750e+03 1.127644391562789679e+02
1.816450988769531250e+03 -7.909825264499522746e+01
1.816471801757812500e+03 -1.381701483367942274e+01
1.816492614746093750e+03 -6.162859778255224228e+02
1.816513488769531250e+03 9.671034312581177801e+02
1.816534301757812500e+03 9.569960775845684111e+02
1.816555114746093750e+03 1.067921265183249488e+02
1.816575948079427008e+03 1.688692865254124627e+02
1.816596801757812500e+03 2.310346441870788112e+02
1.816617614746093750e+03 4.074419904641108587e+02
1.816638488769531250e+03 4.536595458220690489e+02
1.816659301757812500e+03 -1.932540760587435216e+02
1.816680114746093750e+03 6.838677306551253423e+02
1.816700988769531250e+03 4.413152722977101803e+02
1.816721801757812500e+03 -4.675780657202703878e+02
1.816742614746093750e+03 -3.154094792177202180e+02
1.816763488769531250e+03 1.089666441865265369e+02
1.816784301757812500e+03 2.988364906765054911e+02
1.816805114746093750e+03 1.179693755628541112e+02
1.816825988769531250e+03 1.314321180282859132e+02
1.816846801757812500e+03 6.423844866181025282e+02
1.816867614746093750e+03 3.989203825705917552e+02
1.816888488769531250e+03 5.623537621299037710e+02
1.816909301757812500e+03 5.499462326118955389e+02
1.816930114746093750e+03 2.893978454419411719e+02
1.816950988769531250e+03 4.069214843638474122e+02
1.816971801757812500e+03 -5.467064810800366104e+00
1.816992614746093750e+03 -1.510710174337727949e+02
1.817013488769531250e+03 -8.261777950205141678e+02
1.817034301757812500e+03 -8.054436645354144275e+02
1.817055114746093750e+03 -4.464361786502413452e+02
1.817075988769531250e+03 -6.756189174245810136e+02
1.817096801757812500e+03 -8.910411817923886701e+02
1.817117614746093750e+03 -5.347530505931936204e+02
1.817138488769531250e+03 -1.350431836877251044e+02
1.817159301757812500e+03 -4.968140539192827418e+02
1.817180114746093750e+03 -4.307464894521981478e+02
1.817200988769531250e+03 -8.594809816553024575e+02
1.817221801757812500e+03 -8.254016335762571543e+02
1.817242675781250000e+03 -3.391024351812666282e+02
1.817263488769531250e+03 -2.258124595303088427e+02
1.817284362792968750e+03 2.451931329339276999e+02
1.817305175781250000e+03 -8.393417790109524503e+02
1.817325988769531250e+03 -7.948301136365626007e+02
1.817346862792968750e+03 -6.545611532529583201e+02
1.817367675781250000e+03 -1.597623053170274943e+03
1.817388488769531250e+03 -9.059957412560470402e+01
1.817409362792968750e+03 -7.095236619443167001e+02
1.817430175781250000e+03 -3.714879338216269389e+02
1.817450988769531250e+03 -8.964483507348923013e+02
1.817471862792968750e+03 -6.225453001656569541e+02
1.817492675781250000e+03 -9.229270447376184165e+02
1.817513488769531250e+03 -2.593519670568639413e+02
1.817534362792968750e+03 -6.167877450142987072e+01
1.817555175781250000e+03 6.534014549418352544e+02
1.817575988769531250e+03 5.024677487320732325e+02
1.817596862792968750e+03 7.351680130015593022e+02
1.817617675781250000e+03 -7.036570228985510767e+00
1.817638488769531250e+03 1.014925720059545711e+02
1.817659362792968750e+03 -2.176544021200388670e+02
1.817680175781250000e+03 2.876096011946210638e+02
1.817700988769531250e+03 1.442308407728560269e+02
1.817721862792968750e+03 -1.084759579285746440e+02
1.817742675781250000e+03 -3.879295104747870937e+02
1.817763488769531250e+03 -7.040869981124997139e+02
1.817784362792968750e+03 -7.529266745450440794e+02
1.817805175781250000e+03 -1.941401788217481226e+02
1.817825988769531250e+03 1.813590272421715781e+02
1.817846862792968750e+03 -5.713170719501795247e+02
1.817867675781250000e+03 -5.952015706066740677e+02
1.817888488769531250e+03 -2.640896826843963936e+02
1.817909362792968750e+03 7.089956156960688531e+02
1.817930175781250000e+03 7.178549728995421901e+02
1.817950988769531250e+03 9.612294365513371304e+02
1.817971862792968750e+03 4.089450703322654590e+02
1.817992675781250000e+03 6.480252146514831111e+02
1.818013488769531250e+03 1.115591902817483060e+03
1.818034362792968750e+03 3.738438382054446265e+02
1.818055175781250000e+03 -1.022237615747144446e+02
1.818075988769531250e+03 -2.469550587284611538e+02
1.818096862792968750e+03 3.699545516571961343e+02
1.818117675781250000e+03 -3.383527854201383889e+02
1.818138488769531250e+03 -7.489575175535865128e+02
1.818159362792968750e+03 -6.248965089509729296e+02
1.818180175781250000e+03 5.981909932489506900e+02
1.818200988769531250e+03 -7.961267439168877900e+02
1.818221862792968750e+03 -2.189307900397107005e+02
1.818242675781250000e+03 -4.427278436964843422e+01
1.818263488769531250e+03 -7.833409413085319102e+02
1.818284362792968750e+03 -3.826449165788944811e+02
1.818305175781250000e+03 -8.410622371872887015e+01
1.818325988769531250e+03 5.166465148606803268e+02
1.818346862792968750e+03 6.759199775708839297e+01
1.818367675781250000e+03 -2.231645482506137341e+02
1.818388488769531250e+03 7.302936092135496438e+00
1.818409362792968750e+03 3.936939473656238988e+02
1.818430175781250000e+03 -6.761739179654978216e+02
1.818450988769531250e+03 -3.276091208982979879e+02
1.818471862792968750e+03 -3.904471315648406744e+02
1.818492675781250000e+03 -2.649525734365452081e+02
1.818513488769531250e+03 -2.006807617967715487e+02
1.818534362792968750e+03 -2.171142234409926459e+02
1.818555175781250000e+03 -4.404404816550668329e+02
1.818575988769531250e+03 -5.393500874213641509e+02
1.818596862792968750e+03 5.802752007858362049e+01
1.818617675781250000e+03 -1.189420263849897310e+02
1.818638488769531250e+03 -3.029841006105998531e+02
1.818659362792968750e+03 3.896078019370324910e+02
1.818680175781250000e+03 -9.497094245806802064e+02
1.818700988769531250e+03 -9.188189787949668244e+02
1.818721862792968750e+03 -4.362959072594530880e+02
1.818742675781250000e+03 -9.560699726780876517e+01
1.818763488769531250e+03 -1.081747547843609937e+03
1.818784362792968750e+03 -6.617440781162586063e+02
1.818805175781250000e+03 -8.618105631857179105e+01
1.818825988769531250e+03 -1.237628968739882112e+02
1.818846862792968750e+03 4.787166475655976683e+02
1.818867675781250000e+03 8.433740771879674867e+02
1.818888488769531250e+03 7.550760971765266731e+02
1.818909362792968750e+03 7.270516655459068716e+02
1.818930175781250000e+03 1.345653579385136254e+03
1.818950988769531250e+03 1.023067441124469042e+03
1.818971862792968750e+03 1.196165392555296421e+03
1.818992675781250000e+03 1.252714306260459125e+02
1.819013488769531250e+03 7.120141493864357471e+02
1.819034362792968750e+03 5.238684562923153862e+02
1.819055175781250000e+03 -3.410873904597247019e+02
1.819075988769531250e+03 2.516302748098969460e+02
1.819096862792968750e+03 4.522162354352185503e+02
1.819117675781250000e+03 2.854184306574752554e+02
1.819138488769531250e+03 6.609248070183675736e+02
1.819159362792968750e+03 -1.626669452204369009e+02
1.819180175781250000e+03 2.170356211378239095e+02
1.819200988769531250e+03 2.478536331503419206e+02
1.819221862792968750e+03 3.527326294084778056e+02
1.819242675781250000e+03 -3.280275443005375564e+02
1.819263488769531250e+03 -8.544072046256624162e+02
1.819284362792968750e+03 1.102060841082129627e+01
1.819305175781250000e+03 -6.083770272105466574e+02
1.819325988769531250e+03 -1.393117509953444824e+02
1.819346862792968750e+03 -2.829453109146561474e+02
1.819367736816406250e+03 1.984184843744151294e+02
1.819388549804687500e+03 1.042373757560970262e+03
1.819409362792968750e+03 1.195516729120863602e+02
1.819430236816406250e+03 -3.838581857271492481e+01
1.819451049804687500e+03 2.665427336847642437e+02
1.819471862792968750e+03 1.282058679105248302e+02
1.819492736816406250e+03 2.575613050819374621e+02
1.819513549804687500e+03 -9.458823122736066580e+01
1.819534362792968750e+03 -3.012233989720698446e+01
1.819555236816406250e+03 -2.309418964304495603e+02
1.819576049804687500e+03 -6.815890154460212216e+02
1.819596862792968750e+03 -2.722296992728952318e+02
1.819617736816406250e+03 -1.639476195875322446e+02
1.819638549804687500e+03 -9.632171079516410828e+02
1.819659362792968750e+03 -4.310094654734712094e+02
1.819680236816406250e+03 -5.100986465846654028e+02
1.819701049804687500e+03 2.608823946722550318e+02
1.819721862792968750e+03 4.556523665009299293e+02
1.819742736816406250e+03 5.120046921706525609e+02
1.819763549804687500e+03 7.716774647400015965e+02
1.819784362792968750e+03 1.347274400437134318e+03
1.819805236816406250e+03 1.036176488475059159e+03
1.819826049804687500e+03 3.723355518305907026e+02
1.819846862792968750e+03 9.949188795689260587e+02
1.819867736816406250e+03 6.240923786381026730e+02
1.819888549804687500e+03 3.122851487010484561e+02
1.819909362792968750e+03 2.089400160332443193e+02
1.819930236816406250e+03 -3.177503467455971986e+01
1.819951049804687500e+03 -4.557193731341976672e+01
1.819971862792968750e+03 -1.542740616711089388e+02
1.819992736816406250e+03 -4.901214371855603531e+02
1.820013549804687500e+03 3.289529105054680258e+01
1.820034362792968750e+03 -1.400486595651600510e+02
1.820055236816406250e+03 -5.252946873016189784e+02
1.820076049804687500e+03 3.904604767571436241e+02
1.820096862792968750e+03 -2.901191952277440578e+01
1.820117736816406250e+03 -3.892289127745898440e+02
1.820138549804687500e+03 -6.833800308869685978e+02
1.820159362792968750e+03 -1.054018510309979320e+02
1.820180236816406250e+03 -4.191870195174124092e+01
1.820201049804687500e+03 -1.291255315039306879e+02
1.820221862792968750e+03 -5.673686244103591889e+02
1.820242736816406250e+03 -6.425415584344882518e+02
1.820263549804687500e+03 -9.308046652423217893e+01
1.820284362792968750e+03 -1.704708595457486808e+02
1.820305236816406250e+03 -3.915046577678294852e+02
1.820326049804687500e+03 -7.760968827386386693e+02
1.820346862792968750e+03 3.663945165727054700e+02
1.820367736816406250e+03 -6.351697901283623651e+02
1.820388549804687500e+03 -3.808035233839182183e+02
1.820409362792968750e+03 -5.905496117006987333e+02
1.820430236816406250e+03 1.283610513809835538e+02
1.820451049804687500e+03 -1.567789882215438411e+02
1.820471862792968750e+03 -8.688561601322144270e+02
1.820492736816406250e+03 -1.176783690600306727e+03
1.820513549804687500e+03 -3.547556091933511198e+02
1.820534362792968750e+03 -2.258187196007929742e+01
1.820555236816406250e+03 -9.302364052137127146e+02
1.820576049804687500e+03 -5.115901442759204656e+02
1.820596862792968750e+03 -4.854801061665639281e+02
1.820617736816406250e+03 -6.406889647587668151e+02
1.820638549804687500e+03 -1.334037761957151815e+02
1.820659362792968750e+03 -6.576556684860261157e+02
1.820680236816406250e+03 -8.246560245251748711e+01
1.820701049804687500e+03 -1.082424821340595372e+03
1.820721862792968750e+03 -7.108738952827407047e+02
1.820742736816406250e+03 -9.707414402078138664e+02
1.820763549804687500e+03 -6.621757110795006156e+02
1.820784362792968750e+03 -1.416295373907429166e+03
1.820805236816406250e+03 -1.499910291078267619e+02
1.820826049804687500e+03 -3.641101771085523069e+02
1.820846862792968750e+03 -6.803688472354551777e+02
1.820867736816406250e+03 -3.134897853259462863e+01
1.820888549804687500e+03 1.389774654832435772e+02
1.820909362792968750e+03 -8.979794380519306287e+02
1.820930236816406250e+03 8.010336141709703952e+02
1.820951049804687500e+03 -7.505620738177094609e+01
1.820971862792968750e+03 3.387463298124494031e+02
1.820992736816406250e+03 8.557181957932189107e+02
1.821013549804687500e+03 3.509648135278839618e+02
1.821034362792968750e+03 4.121166071894112974e+02
1.821055236816406250e+03 -3.842396344639128074e+02
1.821076049804687500e+03 4.533609696221537888e+02
1.821096862792968750e+03 -1.179281978921499103e+02
1.821117736816406250e+03 9.116108492936473340e+01
1.821138570149739508e+03 -5.608507869637105614e+01
1.821159362792968750e+03 -2.030616060987813398e+02
1.821180236816406250e+03 -3.316783820827258751e+02
1.821201049804687500e+03 6.164473309464519843e+02
1.821221862792968750e+03 -2.281115176496095955e+02
1.821242736816406250e+03 2.598959038332104683e+02
1.821263549804687500e+03 -1.358112609642557800e+02
1.821284362792968750e+03 -2.719503786985296756e+01
1.821305236816406250e+03 -9.436300305351614952e+02
1.821326049804687500e+03 2.086910537687363103e+02
1.821346862792968750e+03 -5.726063222705852240e+01
1.821367736816406250e+03 -4.450577524409163743e+02
1.821388549804687500e+03 1.869739246421959251e+02
1.821409362792968750e+03 1.973043268979527056e+02
1.821430236816406250e+03 -7.100687959429342300e+01
1.821451049804687500e+03 9.034341030901996419e+02
1.821471862792968750e+03 7.560700694937258959e+01
1.821492736816406250e+03 3.458200554826762527e+02
1.821513549804687500e+03 -4.873348153657279909e+02
1.821534362792968750e+03 -5.652612146385945380e+01
1.821555236816406250e+03 -3.895800884062191471e+02
1.821576049804687500e+03 -8.082072226434247568e+02
1.821596862792968750e+03 2.653252709622029215e+01
1.821617736816406250e+03 -1.160419904983486049e+03
1.821638549804687500e+03 -1.304671277789166197e+03
1.821659362792968750e+03 -7.682004739417461678e+02
1.821680236816406250e+03 -4.987253052844898775e+02
1.821701049804687500e+03 -1.009970333994831890e+03
1.821721862792968750e+03 -5.386765532838180661e+02
1.821742736816406250e+03 3.970702617736533284e+02
1.821763549804687500e+03 7.104739890021737665e+02
1.821784423828125000e+03 1.350726096925791353e+02
1.821805236816406250e+03 3.677415836214786395e+02
1.821826110839843750e+03 8.692656124945497140e+02
1.821846923828125000e+03 -4.467890774318948388e+02
1.821867736816406250e+03 -5.742402594413142651e+02
1.821888610839843750e+03 -2.711682166247628629e+02
1.821909423828125000e+03 7.728293711500009522e+02
1.821930236816406250e+03 3.753665718876291066e+02
1.821951110839843750e+03 -3.832874933466082439e+02
1.821971923828125000e+03 -5.547457076036371291e+02
1.821992736816406250e+03 7.490416470163036138e+02
1.822013610839843750e+03 1.342057033202145249e+02
1.822034423828125000e+03 -4.408773389501729980e+02
1.822055236816406250e+03 1.242204852844588459e+01
1.822076110839843750e+03 2.279333097697235644e+01
1.822096923828125000e+03 9.270490438645938411e+02
1.822117736816406250e+03 2.154852709107799456e+02
1.822138610839843750e+03 2.074225398467388004e+01
1.822159423828125000e+03 7.302457970625255257e+01
1.822180236816406250e+03 7.869081477444851771e+02
1.822201110839843750e+03 5.596305075919954106e+02
1.822221923828125000e+03 -1.938654895379440859e+02
1.822242736816406250e+03 5.065312422229908407e+01
1.822263610839843750e+03 1.665298771916422993e+02
1.822284423828125000e+03 -1.247197888259543106e+02
1.822305236816406250e+03 -3.974526470516575500e+02
1.822326110839843750e+03 4.712806969461962581e+01
1.822346923828125000e+03 -7.280062123147072271e+02
1.822367736816406250e+03 -1.148120990565163083e+03
1.822388610839843750e+03 -1.698922635953640565e+02
1.822409423828125000e+03 -1.142068775082007051e+02
1.822430236816406250e+03 -1.461719404218019918e+02
1.822451110839843750e+03 3.609591952443588525e+01
1.822471923828125000e+03 -3.162219861440826207e+01
1.822492736816406250e+03 2.572522105101961643e+01
1.822513610839843750e+03 -3.659771247009048238e+02
1.822534423828125000e+03 4.903273033538134769e+02
1.822555236816406250e+03 4.654078958971658722e+02
1.822576110839843750e+03 3.630600291785085574e+02
1.822596923828125000e+03 -1.517540495409630239e+02
1.822617736816406250e+03 5.203857461211737245e+01
1.822638610839843750e+03 -9.284071298608323559e+02
1.822659423828125000e+03 8.983904559130314738e+01
1.822680236816406250e+03 -2.548205354018136859e+02
1.822701110839843750e+03 -3.340033486781176180e+02
1.822721923828125000e+03 -3.670425363508984447e+02
1.822742736816406250e+03 -2.819629347154404968e+02
1.822763610839843750e+03 -3.990824062147876248e+02
1.822784423828125000e+03 -8.961704513209406286e+01
1.822805236816406250e+03 -4.288070690908934921e+02
1.822826110839843750e+03 7.803855684456648305e+02
1.822846923828125000e+03 4.287232238296419382e+02
1.822867736816406250e+03 -1.357107904598815367e+02
1.822888610839843750e+03 -1.891983878768514842e+02
1.822909423828125000e+03 -4.102585527170449495e+02
1.822930236816406250e+03 -1.376623718793271109e+02
1.822951110839843750e+03 -1.318938264393946156e+02
1.822971923828125000e+03 5.391637780568562448e+02
1.822992736816406250e+03 1.093906534289708361e+02
1.823013610839843750e+03 -3.873893170945812017e+02
1.823034423828125000e+03 1.613285008056554943e+02
1.823055236816406250e+03 -1.954573492924682796e+02
1.823076110839843750e+03 2.149340393582824618e+02
1.823096923828125000e+03 1.127919397433288395e+00
1.823117736816406250e+03 8.004882172995712608e+02
1.823138610839843750e+03 6.876173939121654257e+02
1.823159423828125000e+03 4.443797195192892104e+02
1.823180236816406250e+03 4.299099228591658175e+02
1.823201110839843750e+03 2.048783230441622436e+02
1.823221923828125000e+03 2.902896077709738165e+02
1.823242736816406250e+03 3.499127701477846131e+02
1.823263610839843750e+03 9.317306672289269045e+02
1.823284423828125000e+03 1.202781958862906322e+03
1.823305236816406250e+03 1.190393742044339888e+03
1.823326110839843750e+03 9.065934287392301485e+02
1.823346923828125000e+03 1.698856767879333347e+02
1.823367736816406250e+03 1.561248850591946393e+02
1.823388610839843750e+03 3.112222946403780952e+02
1.823409423828125000e+03 8.674345860844478011e+02
1.823430236816406250e+03 -2.510398090356029570e+02
1.823451110839843750e+03 -6.161364164397818968e+02
1.823471923828125000e+03 -4.873547102102311328e+02
1.823492736816406250e+03 -4.530552992791635916e+02
1.823513610839843750e+03 -3.614566156780347228e+01
1.823534423828125000e+03 -3.413235062747262418e+02
1.823555236816406250e+03 -1.116958217932842672e+02
1.823576110839843750e+03 -6.152421905414666981e+02
1.823596923828125000e+03 -2.359835735666565597e+02
1.823617736816406250e+03 3.327561945475172251e+02
1.823638610839843750e+03 1.543264094672631472e+02
1.823659423828125000e+03 -1.029661609255592339e+03
1.823680236816406250e+03 -4.918529171400004998e+02
1.823701110839843750e+03 2.253958821271080524e+02
1.823721923828125000e+03 -1.519988822711165994e+02
1.823742736816406250e+03 4.836951074328972027e+02
1.823763610839843750e+03 2.746916228043846786e+01
1.823784423828125000e+03 1.366639461282175034e+02
1.823805236816406250e+03 1.734841183237731457e+02
1.823826110839843750e+03 4.088919769378844649e+01
1.823846923828125000e+03 9.911205494577297941e+02
1.823867736816406250e+03 -4.217752600577659905e+01
1.823888610839843750e+03 8.862356779273832217e+02
1.823909423828125000e+03 9.855412081500981003e+02
1.823930236816406250e+03 -2.781195832852972671e+02
1.823951110839843750e+03 -3.574278707143384963e+02
1.823971923828125000e+03 -3.807589299455285072e+02
1.823992736816406250e+03 -3.739725265514571220e+02
1.824013610839843750e+03 -5.559690857457462698e+01
1.824034423828125000e+03 -9.438224201009143144e+01
1.824055236816406250e+03 -7.679735458442009985e+02
1.824076110839843750e+03 -2.388903830607887357e+02
1.824096923828125000e+03 -1.094583036059048027e+02
1.824117736816406250e+03 2.286853073074016720e+02
1.824138610839843750e+03 4.210808331925654784e+02
1.824159423828125000e+03 6.187576635015429929e+02
1.824180236816406250e+03 6.738230699107516557e+02
1.824201110839843750e+03 5.590560109118232504e+02
1.824221923828125000e+03 5.400635182086843997e+02
1.824242736816406250e+03 5.002714805641444400e+02
1.824263610839843750e+03 2.526452957262517884e+02
1.824284423828125000e+03 1.247697500059963204e+03
1.824305236816406250e+03 3.777243443210609257e+02
1.824326110839843750e+03 9.411497723340289667e+02
1.824346923828125000e+03 -4.652883767837192863e+01
1.824367736816406250e+03 1.034937480666441843e+03
1.824388610839843750e+03 4.623708146041026339e+02
1.824409423828125000e+03 -3.255977394426008686e+02
1.824430236816406250e+03 2.670976922065019608e+02
1.824451110839843750e+03 -2.264170270028989762e+02
1.824471923828125000e+03 -6.361886694218264893e+02
1.824492736816406250e+03 -2.400084349842509255e+02
1.824513610839843750e+03 -2.425834354967810214e+01
1.824534423828125000e+03 -4.343990554318297654e+02
1.824555236816406250e+03 -5.687603926323354244e+02
1.824576110839843750e+03 4.138083344986662269e+02
1.824596923828125000e+03 4.329751752964220941e+02
1.824617797851562500e+03 5.416135874672327191e+02
1.824638610839843750e+03 1.269898862773552537e+02
1.824659484863281250e+03 -1.066995275524677709e+02
1.824680297851562500e+03 5.398977363843005151e+02
1.824701110839843750e+03 -4.123829196766018867e+01
1.824721984863281250e+03 2.678939694084692746e+02
1.824742797851562500e+03 -4.469961102880770341e+02
1.824763610839843750e+03 1.214733047250192612e+02
1.824784484863281250e+03 -6.635497052664868534e+01
1.824805297851562500e+03 -4.913690914227627218e+02
1.824826110839843750e+03 -6.377963880307506770e+02
1.824846984863281250e+03 4.524386801654472947e+02
1.824867797851562500e+03 5.816329368877923116e+02
1.824888610839843750e+03 4.051616857961053029e+02
1.824909484863281250e+03 2.398002683382946998e+02
1.824930297851562500e+03 5.105267364701721817e+02
1.824951110839843750e+03 3.796053767154226080e+02
1.824971984863281250e+03 4.827862716028466821e+02
1.824992797851562500e+03 7.497650192567380145e+02
1.825013610839843750e+03 -1.303641372460406274e+02
1.825034484863281250e+03 5.059902140119811520e+02
1.825055297851562500e+03 8.145176229386124760e+02
1.825076110839843750e+03 -3.418044089596951380e+02
1.825096984863281250e+03 5.423910005479119718e+02
1.825117797851562500e+03 -6.157477355197770521e+02
1.825138610839843750e+03 2.100745660916436464e+01
1.825159484863281250e+03 1.391873275978723541e+02
1.825180297851562500e+03 -4.982105493146227673e+02
1.825201110839843750e+03 3.487012185290222988e+02
1.825221984863281250e+03 -4.903342298615025356e+02
1.825242797851562500e+03 -8.057418165688868612e+02
1.825263610839843750e+03 6.513307780555915087e+02
1.825284484863281250e+03 -4.634936465662904084e+02
1.825305297851562500e+03 -5.391765848466893658e+02
1.825326110839843750e+03 7.239665718714240938e+02
1.825346984863281250e+03 -1.143931499595055357e+02
1.825367797851562500e+03 -4.986244933228008449e+02
1.825388610839843750e+03 1.880919941402971745e+02
1.825409484863281250e+03 4.022481788141885772e+02
1.825430297851562500e+03 7.596882850769907236e+01
1.825451110839843750e+03 5.643121898622484878e+02
1.825471984863281250e+03 -1.024123183403862640e+02
1.825492797851562500e+03 8.405254838289692998e+02
1.825513610839843750e+03 2.974602838512510061e+01
1.825534484863281250e+03 -4.600529029965400696e+00
1.825555297851562500e+03 5.397011870631249622e+02
1.825576110839843750e+03 -2.812014021595241502e+02
1.825596984863281250e+03 6.928180768038146198e+02
1.825617797851562500e+03 1.013136503295972943e+02
1.825638610839843750e+03 2.165006165109807625e+02
1.825659484863281250e+03 -3.662938436504919082e+01
1.825680297851562500e+03 -6.352864405268337578e+01
1.825701110839843750e+03 7.015699025174835697e+02
1.825721984863281250e+03 2.764358797954628244e+02
1.825742797851562500e+03 2.517831238311482593e+02
1.825763610839843750e+03 3.215401785337598994e+02
1.825784484863281250e+03 -2.194233349885325879e+01
1.825805297851562500e+03 -9.680914076328044757e+02
1.825826110839843750e+03 -4.474210854701232165e+01
1.825846984863281250e+03 6.541452288375003263e+02
1.825867797851562500e+03 3.130399108232231811e+02
1.825888610839843750e+03 2.538092692763311788e+02
1.825909484863281250e+03 1.417425193090457469e+01
1.825930297851562500e+03 1.625234091943129897e+02
1.825951110839843750e+03 6.692817918711807579e+01
1.825971984863281250e+03 3.087196285570971668e+02
1.825992797851562500e+03 3.807328541821334511e+02
1.826013610839843750e+03 -6.906314606142695993e+02
1.826034484863281250e+03 1.663158891377970576e+02
1.826055297851562500e+03 8.184749431823147461e+02
1.826076110839843750e+03 1.134828028050833382e+03
1.826096984863281250e+03 1.117625522075803019e+03
1.826117797851562500e+03 7.511376199362566695e+02
1.826138631184895758e+03 1.499464246002025902e+02
1.826159484863281250e+03 -4.518416384184965864e+02
1.826180297851562500e+03 -4.118026867066510022e+01
1.826201110839843750e+03 2.089702049924526364e+02
1.826221984863281250e+03 7.056866646991111338e+02
1.826242797851562500e+03 -9.961071801505750045e+02
1.826263610839843750e+03 -3.192843791411723942e+02
1.826284484863281250e+03 -1.462554111478384584e+02
1.826305297851562500e+03 -5.299823165707057342e+02
1.826326110839843750e+03 -7.978003024162026122e+02
1.826346984863281250e+03 -1.111280047622392885e+03
1.826367797851562500e+03 -6.054322073182556778e+02
1.826388610839843750e+03 1.261836595332715660e+02
1.826409484863281250e+03 2.595679355146130547e+02
1.826430297851562500e+03 3.163056674449471757e+02
1.826451110839843750e+03 3.109234245149418712e+02
1.826471984863281250e+03 -5.021830866971286014e+02
1.826492797851562500e+03 2.503651615914423019e+02
1.826513610839843750e+03 -7.229438670224044472e+01
1.826534484863281250e+03 6.016927194724557921e+02
1.826555297851562500e+03 5.706014162614010274e+02
1.826576110839843750e+03 -6.607918688033241779e+02
1.826596984863281250e+03 -7.703410176443867385e+00
1.826617797851562500e+03 8.220892285590525717e+01
1.826638610839843750e+03 -7.929299695405643433e+01
1.826659484863281250e+03 -6.425729537451406941e+02
1.826680297851562500e+03 2.170413177111186087e+02
1.826701110839843750e+03 -1.528412547378102317e+02
1.826721984863281250e+03 -2.107418859982863069e+02
1.826742797851562500e+03 -8.746975201915483922e+01
1.826763610839843750e+03 -6.112349283683579415e+01
1.826784484863281250e+03 -1.793286952632479370e+01
1.826805297851562500e+03 -9.555368210421875119e+02
1.826826110839843750e+03 -1.884347866164753214e+02
1.826846984863281250e+03 -9.867230877436231822e+02
1.826867797851562500e+03 -4.184768117372877896e+02
1.826888610839843750e+03 -8.084128643514122814e+02
1.826909484863281250e+03 -6.651457663323963061e+02
1.826930297851562500e+03 2.950675799002638087e+02
1.826951110839843750e+03 -8.213341641405131668e+02
1.826971984863281250e+03 -8.475169114710297436e+01
1.826992797851562500e+03 -8.590641756867989898e+02
1.827013610839843750e+03 -9.100901556026656181e+01
1.827034484863281250e+03 -6.477089641096536070e+02
1.827055297851562500e+03 -3.976433370840968564e+02
1.827076110839843750e+03 -7.636934982910752296e+02
1.827096984863281250e+03 -5.617203317901585251e+02
1.827117797851562500e+03 -7.686018313623499125e+02
1.827138610839843750e+03 -4.547167094771284610e+02
1.827159484863281250e+03 -7.882085061221150681e+02
1.827180297851562500e+03 -6.574002410231623799e+02
1.827201110839843750e+03 -7.716121714059263468e+02
1.827221984863281250e+03 -5.199767828773474321e+02
1.827242797851562500e+03 -5.135399532679002732e+02
1.827263610839843750e+03 -8.677408641410293058e+02
1.827284484863281250e+03 -7.089271995179587975e+02
1.827305297851562500e+03 -1.389594707286800258e+03
1.827326110839843750e+03 1.911145118436543271e+02
1.827346984863281250e+03 -6.353083202472189441e+02
1.827367797851562500e+03 -7.096038572455290705e+01
1.827388610839843750e+03 -1.794786520514171571e+02
1.827409484863281250e+03 4.774703945440705866e+01
1.827430297851562500e+03 -3.174691385502228513e+02
1.827451110839843750e+03 -4.983948364593088627e+02
1.827471984863281250e+03 2.410525392593117431e+02
1.827492797851562500e+03 4.339529344761976972e+02
1.827513610839843750e+03 1.611332358984509483e+02
1.827534484863281250e+03 6.248038762209471315e+02
1.827555297851562500e+03 3.373731504192110151e+02
1.827576110839843750e+03 -2.348813799530034885e+02
1.827596984863281250e+03 9.997289055534638464e+02
1.827617797851562500e+03 3.903051177897723392e+02
1.827638610839843750e+03 3.836726212559733540e+02
1.827659484863281250e+03 -4.206462212131591514e+02
1.827680297851562500e+03 9.185668549248948693e+02
1.827701110839843750e+03 9.136171528800623491e+02
1.827721984863281250e+03 6.665713120383443311e+02
1.827742797851562500e+03 1.053539832989335991e+03
1.827763610839843750e+03 1.510898996106931008e+03
1.827784484863281250e+03 1.437897115159896202e+03
1.827805297851562500e+03 5.493875074707902968e+02
1.827826110839843750e+03 -7.874412285358412191e+02
1.827846984863281250e+03 -4.327803553743287921e+02
1.827867797851562500e+03 6.984570515247760341e+02
1.827888610839843750e+03 1.685133171416819096e+02
1.827909484863281250e+03 8.984350609101820737e+02
1.827930297851562500e+03 -1.813288887656526640e+02
1.827951110839843750e+03 -9.473879928390961140e+02
1.827971984863281250e+03 -1.290226422479492612e+03
1.828992858886718750e+03 -5.201269133598543704e+01
1.829013671875000000e+03 -1.674225221923552454e+01
1.829034484863281250e+03 -4.586548772682435811e+02
1.829055358886718750e+03 -6.250824672188609838e+02
1.829076171875000000e+03 -9.427280480687040836e+02
1.829096984863281250e+03 -7.274227053588256240e+02
1.829117858886718750e+03 -8.855925974342972040e+01
1.829138671875000000e+03 2.658982279883930460e+02
1.829159484863281250e+03 1.344665876332437620e+02
1.829180358886718750e+03 -1.583725507929921150e+01
1.829201171875000000e+03 5.558180727096041664e+02
1.829221984863281250e+03 3.696169971334747970e+02
1.829242858886718750e+03 5.957403705093311146e+02
1.829263671875000000e+03 5.996146489439997822e+02
1.829284484863281250e+03 4.011229112301953137e+01
1.829305358886718750e+03 4.772474418559577316e+02
1.829326171875000000e+03 -1.557520637462148443e+02
1.829346984863281250e+03 -1.078510194132803008e+03
1.829367858886718750e+03 3.374656266580568627e+02
1.829388671875000000e+03 -3.002954551179427654e+02
1.829409484863281250e+03 -4.615598976359469816e+02
1.829430358886718750e+03 2.347877278808737174e+02
1.829451171875000000e+03 -6.773994159208377823e+02
1.829471984863281250e+03 -5.874033599311951548e+01
1.829492858886718750e+03 -3.055064548924565315e+01
1.829513671875000000e+03 4.398147870018146932e+02
1.829534484863281250e+03 -1.468616007537348196e+02
1.829555358886718750e+03 -6.118788287712959573e+02
1.829576171875000000e+03 1.763621437660185620e+02
1.829596984863281250e+03 -1.282812056278344244e+02
1.829617858886718750e+03 5.175287149380892515e+00
1.829638671875000000e+03 6.836211437674937770e+02
1.829659484863281250e+03 -6.478756056516431272e+00
1.829680358886718750e+03 8.569130689885932952e+02
1.829701171875000000e+03 1.260847853277809918e+02
1.829721984863281250e+03 1.501074357277597301e+03
1.829742858886718750e+03 2.150661369391018525e+02
1.829763671875000000e+03 4.038572506371419877e+02
1.829784484863281250e+03 5.692037695377366617e+02
1.829805358886718750e+03 1.111615496886428446e+03
1.829826171875000000e+03 4.912255871953675523e+02
1.829846984863281250e+03 4.959024454461177811e+02
1.829867858886718750e+03 -9.262857269041705877e+01
1.829888671875000000e+03 -2.026487535295309499e+02
1.829909484863281250e+03 -7.273070969283580780e+02
1.829930358886718750e+03 -5.546150793647393584e+01
1.829951171875000000e+03 -5.490596021390520036e+02
1.829971984863281250e+03 -1.573041638992726803e+02
1.829992858886718750e+03 -6.155627598955761641e+02
1.830013671875000000e+03 -3.956756197056965902e+02
1.830034505208333258e+03 -4.281768355836393312e+02
1.830055358886718750e+03 -4.607534388363128528e+02
1.830076171875000000e+03 -1.269631610086304136e+03
1.830096984863281250e+03 -2.954810174923622981e+02
1.830117858886718750e+03 -7.354672743334667757e+02
1.830138671875000000e+03 -5.203777673917356879e+02
1.830159484863281250e+03 -9.922149152599740773e+01
1.830180358886718750e+03 1.208006842469098046e+03
1.830201171875000000e+03 -1.421170469571370631e+01
1.830221984863281250e+03 7.743044023129623383e+02
1.830242858886718750e+03 -8.481926698994357139e+01
1.830263671875000000e+03 8.627654177474323660e+01
1.830284484863281250e+03 3.129085050330031663e+02
1.830305358886718750e+03 1.499958165938733146e+02
1.830326171875000000e+03 1.707560500323306769e+02
1.830346984863281250e+03 1.919605548284016550e+01
1.830367858886718750e+03 4.387475468462798744e+02
1.830388671875000000e+03 -4.956084819040261209e+02
1.830409484863281250e+03 -2.649186454742448404e+02
1.830430358886718750e+03 -5.839093432093504816e+02
1.830451171875000000e+03 -7.316702834862517193e+02
1.830471984863281250e+03 -1.014866051985882223e+02
1.830492858886718750e+03 -9.935959622013615444e+02
1.830513671875000000e+03 -8.390012109647504985e+02
1.830534484863281250e+03 -4.029701807155506685e+02
1.830555358886718750e+03 1.322862244294956326e+02
1.830576171875000000e+03 -1.442531014534179121e+02
1.830596984863281250e+03 4.820006585407536477e+02
1.830617858886718750e+03 4.281984835470793769e+02
1.830638671875000000e+03 1.167337837932514958e+03
1.830659484863281250e+03 8.940792112754425034e+02
1.830680358886718750e+03 -1.362848417693749070e+02
1.830701171875000000e+03 7.773538432561326772e+01
1.830721984863281250e+03 3.130550061761168763e+02
1.830742858886718750e+03 5.158718150260392576e+01
1.830763671875000000e+03 -2.321192753035575151e+00
1.830784484863281250e+03 -1.161691879943246022e+02
1.830805358886718750e+03 -4.104938646022928879e+02
1.830826171875000000e+03 7.706540305982343853e+01
1.830846984863281250e+03 2.131170734870247543e+02
1.830867858886718750e+03 1.015590963124879636e+03
1.830888671875000000e+03 -2.500642364657251164e+02
1.830909484863281250e+03 7.205581750181736425e+02
1.830930358886718750e+03 8.273455111798830330e+02
1.830951171875000000e+03 1.120204634816269390e+03
1.830971984863281250e+03 9.182095483781304210e+02
1.830992858886718750e+03 8.211539461434585974e+02
1.831013671875000000e+03 8.921828974047675729e+02
1.831034484863281250e+03 4.357038820206653327e+02
1.831055358886718750e+03 6.655182827968383208e+02
1.831076171875000000e+03 5.244455648678122088e+02
1.831096984863281250e+03 6.917161599975079298e+02
1.831117858886718750e+03 -7.631383544674608856e+02
1.831138671875000000e+03 -6.311730939032277092e+02
1.831159484863281250e+03 -7.567583526723319665e+02
1.831180358886718750e+03 -1.008927756495657377e+03
1.831201171875000000e+03 -4.904750536947976798e+02
1.831221984863281250e+03 -3.936011533002601936e+02
1.831242858886718750e+03 -6.936071795397438109e+02
1.831263671875000000e+03 -1.553011499998392537e+02
1.831284484863281250e+03 -7.922560967439785600e+02
1.831305358886718750e+03 4.787218485539779067e+01
1.831326171875000000e+03 -7.757363338113063946e+02
1.831346984863281250e+03 -3.420652975725242868e+02
1.831367858886718750e+03 1.638845732805784792e+02
1.831388671875000000e+03 1.037552335233194754e+02
1.831409484863281250e+03 -3.987161919043865055e+01
1.831430358886718750e+03 2.137415619812672958e+02
1.831451171875000000e+03 -4.673297032056143507e+02
1.831471984863281250e+03 -1.342112967316061258e+02
1.831492858886718750e+03 -2.754262480729958043e+02
1.831513671875000000e+03 -7.468670754584018141e+02
1.831534484863281250e+03 3.672973390913102776e+01
1.831555358886718750e+03 -5.195014118573162705e+02
1.831576171875000000e+03 -3.341757669381331652e+02
1.831596984863281250e+03 -7.207915855553001165e+02
1.831617818196614508e+03 -1.016730821070261300e+03
1.831638671875000000e+03 -1.313009271800285205e+03
1.831659484863281250e+03 -1.022363442493253388e+03
1.831680358886718750e+03 -1.217410821837722324e+03
1.831701171875000000e+03 -1.011923807397950441e+03
1.831721984863281250e+03 -8.568192417520331219e+02
1.831742858886718750e+03 -2.038255493622273207e+00
1.831763671875000000e+03 -1.534936203036922961e+02
1.831784484863281250e+03 -7.806689167926087976e+02
1.831805358886718750e+03 -3.278101233472116292e+02
1.831826171875000000e+03 -1.027816106415586546e+03
1.831846984863281250e+03 -2.522087496069725603e+02
1.831867858886718750e+03 -9.184065439865225926e+02
1.831888671875000000e+03 -1.062287446231348440e+02
1.831909484863281250e+03 2.872753986862953752e+02
1.831930358886718750e+03 -3.072871863814070821e+02
1.831951171875000000e+03 1.051542398072779179e+02
1.831971984863281250e+03 -8.703793800766579807e+02
1.831992858886718750e+03 7.517415592283941805e+01
1.832013671875000000e+03 1.711370524356607348e+01
1.832034484863281250e+03 -2.981361435258295387e+02
1.832055358886718750e+03 -2.863982543172314763e+02
1.832076171875000000e+03 -4.359160679872147739e+02
1.832096984863281250e+03 1.388864026388619095e+02
1.832117858886718750e+03 -4.415393478699261323e+02
1.832138671875000000e+03 2.286744346028426662e+02
1.832159484863281250e+03 -3.845283520338125527e+01
1.832180358886718750e+03 3.632962922606384382e+02
1.832201171875000000e+03 8.635728593601379544e+01
1.832221984863281250e+03 9.232934716276358813e+02
1.832242858886718750e+03 2.315193813730729744e+02
1.832263671875000000e+03 -2.325673495098017156e+02
1.832284484863281250e+03 4.516828625928610563e+00
1.832305358886718750e+03 7.516718776302877814e+01
1.832326171875000000e+03 -4.941585729247890413e+01
1.832347045898437500e+03 7.131317713614553213e+02
1.832367858886718750e+03 1.260411241451161914e+03
1.832388732910156250e+03 8.214859761790139601e+02
1.832409545898437500e+03 9.071090957446722314e+02
1.832430358886718750e+03 1.159293972518760711e+03
1.832451232910156250e+03 2.667094781731721014e+02
1.832472045898437500e+03 4.931620234861038625e+02
1.832492858886718750e+03 -3.468117533694021404e+02
1.832513732910156250e+03 -2.669251870271982625e+02
1.832534545898437500e+03 -6.262022399195702747e+02
1.832555358886718750e+03 -4.030642813957529142e+02
1.832576232910156250e+03 -6.263958048094063997e+02
1.832597045898437500e+03 -2.227755000544711947e+02
1.832617858886718750e+03 -9.089943229986820370e+02
1.832638732910156250e+03 -5.222915743404300883e+02
1.832659545898437500e+03 4.169630927635589615e+02
1.832680358886718750e+03 -5.015871687239268795e+02
1.832701232910156250e+03 2.073826454188674688e+02
1.832722045898437500e+03 1.474104760332265869e+02
1.832742858886718750e+03 5.812948230563197285e+02
1.832763732910156250e+03 2.803372355990577489e+02
1.832784545898437500e+03 9.737230205209925771e+00
1.832805358886718750e+03 -6.689343117636162788e+02
1.832826232910156250e+03 3.014727577052544802e+02
1.832847045898437500e+03 -1.631822615030687302e+02
1.832867858886718750e+03 3.038269920311868191e+02
1.832888732910156250e+03 1.225813509211875498e+02
1.832909545898437500e+03 4.260047436110908166e+02
1.832930358886718750e+03 -4.503094507062342018e+02
1.832951232910156250e+03 2.341765741354320198e+02
1.832972045898437500e+03 3.410429964155191556e+02
1.832992858886718750e+03 -3.673418612029636279e+02
1.833013732910156250e+03 1.630650268556782976e+02
1.833034545898437500e+03 -3.167955356616294011e+02
1.833055358886718750e+03 -6.662029054359300062e+02
1.833076232910156250e+03 3.218130232187686488e+02
1.833097045898437500e+03 -9.171858023584354669e+01
1.833117858886718750e+03 1.101929829211905599e+03
1.833138732910156250e+03 3.736279476195340976e+02
1.833159545898437500e+03 -6.220282682782271877e+02
1.833180358886718750e+03 -2.496911191950784996e+02
1.833201232910156250e+03 3.688527653631754220e+02
1.833222045898437500e+03 -3.451679577000904828e+02
1.833242858886718750e+03 -4.687434700394514948e+02
1.833263732910156250e+03 -5.048940268844598904e+02
1.833284545898437500e+03 3.082215658732457086e+02
1.833305358886718750e+03 -5.497599071892909706e+01
1.833326232910156250e+03 7.676405490902252495e+02
1.833347045898437500e+03 3.369532436392037198e+02
1.833367858886718750e+03 3.192913438070099801e+02
1.833388732910156250e+03 -7.261839284701272845e+01
1.833409545898437500e+03 3.502530397729715332e+02
1.833430358886718750e+03 6.923449935332173482e+02
1.833451232910156250e+03 3.992646449696039781e+02
1.833472045898437500e+03 5.492135406401939690e+02
1.833492858886718750e+03 -3.227492627169704065e+02
1.833513732910156250e+03 -1.791405141364084557e+02
1.833534545898437500e+03 4.944323763118591160e+02
1.833555358886718750e+03 -2.454833215642720461e+02
1.833576232910156250e+03 2.055530012171948329e+02
1.833597045898437500e+03 -5.020719679966568947e+02
1.833617858886718750e+03 -3.300038754909764975e+02
1.833638732910156250e+03 -8.342940160559955984e+02
1.833659545898437500e+03 3.602635140763595700e+00
1.833680358886718750e+03 -8.521120945850852877e+02
1.833701232910156250e+03 1.458175649025943130e+02
1.833722045898437500e+03 -6.102937807762064040e+02
1.833742858886718750e+03 5.049364307057112455e+02
1.833763732910156250e+03 -5.370773728132480755e+02
1.833784545898437500e+03 4.264521777629852295e+02
1.833805358886718750e+03 7.974346573813818395e+01
1.833826232910156250e+03 3.319433225778630003e+02
1.833847045898437500e+03 -4.884186124934349209e+02
1.833867858886718750e+03 6.416170151690021157e+02
1.833888732910156250e+03 2.062909669022774324e+02
1.833909545898437500e+03 3.575810817210003734e+02
1.833930358886718750e+03 1.157851957490202039e+02
1.833951232910156250e+03 3.646711138738319278e+02
1.833972045898437500e+03 -3.431143006414640695e+02
1.833992858886718750e+03 -4.992664679232984781e+01
1.834013732910156250e+03 -9.363479638651479036e+02
1.834034545898437500e+03 -1.032576805473072454e+02
1.834055358886718750e+03 -6.784463311336003244e+01
1.834076232910156250e+03 6.006105227186344564e+01
1.834097045898437500e+03 2.034997666586423293e+02
1.834117858886718750e+03 3.659158811591332778e+02
1.834138732910156250e+03 -2.818038129477063194e+02
1.834159545898437500e+03 4.095982196918921545e+02
1.834180358886718750e+03 6.634576119846897200e+02
1.834201232910156250e+03 9.624029691688483581e+02
1.834222045898437500e+03 3.322006514302920550e+02
1.834242858886718750e+03 -4.261157386687118560e+02
1.834263692220052008e+03 -1.175280587889719754e+02
1.834284545898437500e+03 1.913555036050966009e+02
1.834305358886718750e+03 -1.903612904123729095e+02
1.834326232910156250e+03 -2.608084688106318936e+02
1.834347045898437500e+03 5.932993231076980010e+02
1.834367858886718750e+03 4.570790419366676360e+02
1.834388732910156250e+03 -4.107068605045787990e+01
1.834409545898437500e+03 2.516048868134384975e+02
1.834430358886718750e+03 -3.808792690245900303e+01
1.834451232910156250e+03 7.668203798951581120e+02
1.834472045898437500e+03 -2.346650803508237004e+01
1.834492858886718750e+03 3.059192927764961496e+02
1.834513732910156250e+03 1.837105692399200052e+01
1.834534545898437500e+03 9.259301878318656236e+02
1.834555358886718750e+03 6.592159345548134297e+01
1.834576232910156250e+03 5.433674092821311206e+02
1.834597045898437500e+03 -1.025678568629082292e+02
1.834617858886718750e+03 -1.689725982308154926e+02
1.834638732910156250e+03 1.558010280047310516e+02
1.834659545898437500e+03 -1.604481560807907954e+02
1.834680358886718750e+03 -2.249158642868278548e+02
1.834701232910156250e+03 -5.770824297495419160e+02
1.834722045898437500e+03 -4.489762143332045525e+02
1.834742858886718750e+03 -5.352370566091267392e+02
1.834763732910156250e+03 3.802137923071859404e+02
1.834784545898437500e+03 5.335811461210250854e+02
1.834805358886718750e+03 6.334987868166062981e+02
1.834826232910156250e+03 5.053445504970150068e+02
1.834847045898437500e+03 7.268139796936884522e+01
1.834867858886718750e+03 6.365422782717505470e+02
1.834888732910156250e+03 1.126623815076542087e+03
1.834909545898437500e+03 -3.321418826649896801e+02
1.834930358886718750e+03 -3.445242727949516848e+02
1.834951232910156250e+03 1.600052212399896234e+01
1.834972045898437500e+03 3.217648569409502670e+02
1.834992858886718750e+03 -1.498587990272790194e+01
1.835013732910156250e+03 -2.664239629126386717e+02
1.835034545898437500e+03 2.922626498392783105e+02
1.835055358886718750e+03 4.051493663694709539e+02
1.835076232910156250e+03 2.136191355497576296e+02
1.835097045898437500e+03 -1.469887635874329135e+02
1.835117858886718750e+03 7.156458868242334574e+02
1.835138732910156250e+03 -3.382138732332969084e+02
1.835159545898437500e+03 4.098599946550093591e+02
1.835180358886718750e+03 4.635270674152998254e+02
1.835201232910156250e+03 1.444630872831912711e+03
1.835222045898437500e+03 4.760336570867802948e+02
1.835242858886718750e+03 7.756085030076792464e+02
1.835263732910156250e+03 9.836211673492798582e+02
1.835284545898437500e+03 3.007698508924804628e+02
1.835305358886718750e+03 1.140325485653011128e+03
1.835326232910156250e+03 1.749235732477391139e+02
1.835347045898437500e+03 -1.723282145170960575e+02
1.835367858886718750e+03 -4.235298787368228659e+02
1.835388732910156250e+03 1.021441906182444654e+03
1.835409545898437500e+03 8.681951829621102661e+02
1.835430358886718750e+03 -4.313553588956128806e+02
1.835451232910156250e+03 -3.917306471443735063e+02
1.835472045898437500e+03 -8.636064488126430660e+01
1.835492858886718750e+03 -3.666636300184763968e+02
1.835513732910156250e+03 -5.529456678846618161e+02
1.835534545898437500e+03 -4.435689089128281921e+02
1.835555358886718750e+03 -1.806797976997913793e+02
1.835576232910156250e+03 -1.489853915765415877e+02
1.835597045898437500e+03 2.695926284585148096e+02
1.835617858886718750e+03 4.365798758083255962e+02
1.835638732910156250e+03 3.270352407939499244e+02
1.835659545898437500e+03 2.893816286899382249e+02
1.835680358886718750e+03 -3.477433983702212572e+01
1.835701232910156250e+03 6.828591573261655867e+02
1.835722045898437500e+03 -3.046599355151411146e+02
1.835742858886718750e+03 -1.633059609212214127e+02
1.835763732910156250e+03 -3.526805859372252598e+02
1.835784545898437500e+03 1.604711080343695357e+02
1.835805358886718750e+03 -2.563367389283375815e+02
1.835826232910156250e+03 -4.427576729212887585e+01
1.835847045898437500e+03 9.407027466769795865e+01
1.835867858886718750e+03 -1.906402667342917994e+02
1.835888732910156250e+03 -1.042145801858277991e+02
1.835909545898437500e+03 -3.720934994546696544e+02
1.835930358886718750e+03 -7.311667327011236921e+02
1.835951232910156250e+03 4.278089036825112998e+02
1.835972045898437500e+03 -4.911087659000186250e+02
1.835992858886718750e+03 3.292387014891719446e+02
1.836013732910156250e+03 -3.272610102744074538e+02
1.836034545898437500e+03 5.416436557371634990e+02
1.836055358886718750e+03 -7.450454010488465428e+01
1.836076232910156250e+03 2.749716026789974421e+02
1.836097045898437500e+03 3.531423641694709659e+01
1.836117858886718750e+03 5.644039036275353283e+02
1.836138732910156250e+03 -2.946426300797611475e+01
1.836159545898437500e+03 7.734530636831186712e+02
1.836180358886718750e+03 1.117547575698699802e+01
1.836201232910156250e+03 -2.145843924673972651e+02
1.836222045898437500e+03 8.381114134669769555e+01
1.836242858886718750e+03 -3.221688704617554322e+02
1.836263732910156250e+03 6.884507033565314487e+02
1.836284545898437500e+03 3.824752906417706981e+02
1.836305358886718750e+03 1.836307882309192792e+02
1.836326232910156250e+03 -4.179872384680202231e+02
1.836347045898437500e+03 1.048167676900746301e+03
1.836367858886718750e+03 -1.561749718597857282e+02
1.836388732910156250e+03 6.182400118835503235e+02
1.836409545898437500e+03 5.302407761116046458e+02
1.836430358886718750e+03 7.369120341116795316e+02
1.836451232910156250e+03 1.419608153009205125e+03
1.836472045898437500e+03 7.321083667189814150e+02
1.836492858886718750e+03 6.544141980935819447e+00
1.836513732910156250e+03 -2.692723231532145292e+02
1.836534545898437500e+03 -1.958981233705999330e+02
1.836555358886718750e+03 1.621719487458467484e+02
1.836576232910156250e+03 -6.327820912793977186e+02
1.836597045898437500e+03 -1.362462759623769671e+03
1.836617858886718750e+03 -6.354190392679302022e+02
1.836638732910156250e+03 -5.698676959989825264e+02
1.836659545898437500e+03 -2.175149036134826019e+02
1.836680358886718750e+03 4.055247029836755246e+02
1.836701232910156250e+03 7.857913269452983513e+02
1.836722045898437500e+03 -2.642744346668478101e+02
1.836742858886718750e+03 -2.231309518965426832e+02
1.836763732910156250e+03 -3.168559848244767636e+02
1.836784545898437500e+03 -9.139578625699505210e+01
1.836805358886718750e+03 -7.836999474419280887e+01
1.836826232910156250e+03 -2.297415985002880916e+02
1.836847045898437500e+03 -3.338141929896082729e+02
1.836867858886718750e+03 -5.063003491316922009e+02
1.836888732910156250e+03 -1.234802448524627835e+03
1.836909545898437500e+03 5.722602697950787842e+01
1.836930358886718750e+03 -1.449714698652271181e+03
1.836951232910156250e+03 -9.605123481759801507e+02
1.836972045898437500e+03 -7.810981499399058521e+02
1.836992858886718750e+03 -3.718686149909626693e+01
1.837013732910156250e+03 -6.443450379526475444e+02
1.837034545898437500e+03 -3.693891904153861105e+01
1.837055358886718750e+03 -9.920689781338442117e+02
1.837076232910156250e+03 -4.164860748911742121e+02
1.837097045898437500e+03 -8.221348353778012097e+02
1.837117858886718750e+03 -6.686682007822673768e+01
1.837138732910156250e+03 6.349286716748028994e+02
1.837159545898437500e+03 -4.954204278879333287e+02
1.837180358886718750e+03 -1.397675276868161745e+03
1.837201232910156250e+03 -8.506402568620396778e+02
1.837222045898437500e+03 -9.530125292737502605e+02
1.837242858886718750e+03 -8.036251860351767391e+02
1.837263732910156250e+03 -9.427194902894552797e+02
1.837284545898437500e+03 -1.035241911372635514e+03
1.837305358886718750e+03 -6.455802551670931280e+02
1.837326232910156250e+03 -3.162501498427009210e+02
1.837347045898437500e+03 -5.143041584894526750e+02
1.837367858886718750e+03 -3.613886878601042554e+02
1.837388732910156250e+03 -1.105649482318433002e+03
1.837409545898437500e+03 1.805846893986454234e+02
1.837430358886718750e+03 4.278911150095518678e+01
1.837451232910156250e+03 -3.873317692624405026e+02
1.837472045898437500e+03 -3.085744947891216725e+02
1.837492858886718750e+03 -4.104692377529572695e+02
1.837513732910156250e+03 -7.783751533686881885e+02
1.837534545898437500e+03 -3.325160187275614589e+02
1.837555358886718750e+03 -6.643307662846054882e+02
1.837576232910156250e+03 -4.575606824955902994e+02
1.837597045898437500e+03 -5.043706162741873413e+02
1.837617858886718750e+03 -1.029559458321658894e+03
1.837638732910156250e+03 -1.095892199087189510e+03
1.837659545898437500e+03 -5.218384108580648899e+02
1.837680358886718750e+03 -5.587151561444625258e+01
1.837701232910156250e+03 -9.549829502194188535e+02
1.837722045898437500e+03 -1.095362847146578133e+03
1.837742858886718750e+03 -4.535888497962150723e+01
1.837763732910156250e+03 -3.824415015325648710e+02
1.837784545898437500e+03 -9.657008865029783919e+02
1.837805358886718750e+03 -3.736586814125766978e+02
1.837826232910156250e+03 2.909373552193865180e+02
1.837847045898437500e+03 -4.021281257551163435e+02
1.837867858886718750e+03 6.410768431074684486e+02
1.837888732910156250e+03 2.226519315500045195e+02
1.837909545898437500e+03 1.134476176948519424e+02
1.837930358886718750e+03 6.665635662366403267e+02
1.837951232910156250e+03 2.932068818900734186e+02
1.837972045898437500e+03 8.270200404968345538e+02
1.837992858886718750e+03 2.325799059427808970e+02
1.838013732910156250e+03 7.615592061162460595e+02
1.838034545898437500e+03 4.744847350216004997e+02
1.838055358886718750e+03 2.592086518891155720e+02
1.838076232910156250e+03 1.576900883065536618e+02
1.838097045898437500e+03 1.299816301504732110e+03
1.838117858886718750e+03 -1.052479884129716083e+02
1.838138732910156250e+03 1.027402185501996428e+03
1.838159545898437500e+03 2.985798424507956952e+02
1.838180358886718750e+03 7.543444028112571687e+02
1.838201232910156250e+03 1.170335569124901667e+03
1.838222045898437500e+03 3.352076905507128686e+02
1.838242858886718750e+03 7.666956794062862173e+02
1.838263732910156250e+03 8.699766355605097488e+02
1.838284545898437500e+03 4.657461506722029299e+02
1.838305358886718750e+03 1.050576238609733991e+03
1.838326232910156250e+03 4.756814292804338038e+02
1.838347045898437500e+03 1.019919777539675124e+03
1.838367858886718750e+03 1.073577512656920590e+03
1.838388732910156250e+03 4.867809407877502963e+02
1.838409545898437500e+03 -2.614976321613648906e+02
1.838430358886718750e+03 7.697763595846481621e+00
1.838451232910156250e+03 4.012204852547729388e+02
1.838472045898437500e+03 8.728021049103699625e+01
1.838492858886718750e+03 -1.498450654792832211e+02
1.838513732910156250e+03 -1.232940108878538013e+02
1.838534545898437500e+03 7.846820923228515312e+02
1.838555358886718750e+03 -6.918315989327384159e+02
1.838576232910156250e+03 -1.669945426767226309e+02
1.838597045898437500e+03 -1.921987819694913924e+02
1.838617858886718750e+03 -1.647241183993173763e+02
1.838638732910156250e+03 -4.368830680940300226e+01
1.838659545898437500e+03 -1.727348703774623573e+01
1.838680358886718750e+03 3.933906139864120632e+02
1.838701232910156250e+03 3.753870019511086866e+02
1.838722066243489508e+03 9.738184613257180899e+01
1.838742858886718750e+03 -1.800867927959188819e+02
1.838763732910156250e+03 -3.542544474420137703e+02
1.838784545898437500e+03 8.999150002208771184e+02
1.838805358886718750e+03 4.635501129864715040e+02
1.838826232910156250e+03 -2.251181653564563021e+02
1.838847045898437500e+03 -1.783585403572069481e+02
1.838867858886718750e+03 -7.172629451048560441e+02
1.838888732910156250e+03 -8.386199107427382842e+02
1.838909545898437500e+03 1.747364573421655223e+02
1.838930358886718750e+03 2.213983779947739094e+02
1.838951232910156250e+03 -4.798994010380702093e+02
1.838972045898437500e+03 -4.621656752313720062e+02
1.838992858886718750e+03 1.256705003092181869e+03
1.839013732910156250e+03 5.064925259370356798e+02
1.839034545898437500e+03 2.067326143042882904e+02
1.839055358886718750e+03 5.680784175834851339e+02
1.839076232910156250e+03 6.445941574294120073e+02
1.839097045898437500e+03 6.069257227038033307e+02
1.839117858886718750e+03 -2.647942866522353142e+02
1.839138732910156250e+03 -1.389656360284425318e+02
1.839159545898437500e+03 9.917960498749744147e+01
1.839180358886718750e+03 -5.791538995279697701e+02
1.839201232910156250e+03 -7.329845403204672039e+00
1.839222045898437500e+03 2.274991134929005057e+02
1.839242858886718750e+03 1.017559745180187747e+02
1.839263732910156250e+03 1.441155799903208390e+02
1.839284545898437500e+03 4.432682335752760991e+02
1.839305358886718750e+03 8.027904974378179759e+01
1.839326232910156250e+03 -1.093493035461287946e+02
1.839347045898437500e+03 5.685413392537739128e+02
1.839367858886718750e+03 3.176550068408250809e+02
1.839388732910156250e+03 -1.314964480686467141e+01
1.839409545898437500e+03 5.470722487888997421e+02
1.839430358886718750e+03 5.163202674954663962e+01
1.839451232910156250e+03 4.789168545743450522e+02
1.839472045898437500e+03 3.983568115871166810e+02
1.839492858886718750e+03 9.248998316295910627e+01
1.839513692220052008e+03 6.797267563187051564e+01
1.839534545898437500e+03 4.342737990908790380e+01
1.839555358886718750e+03 5.874272249074419960e+02
1.839576232910156250e+03 1.883132040488999337e+01
1.839597045898437500e+03 -4.486631930139847100e+02
1.839617858886718750e+03 -3.052810092014260590e+01
1.839638732910156250e+03 2.263705923281377181e+02
1.839659545898437500e+03 -6.247276594612048939e+02
1.839680358886718750e+03 1.681646597455255687e+00
1.839701232910156250e+03 -1.155845827851444483e+02
1.839722045898437500e+03 1.067116097788442858e+03
1.839742858886718750e+03 1.500849303050199524e+02
1.839763732910156250e+03 -2.265328921144828200e+01
1.839784545898437500e+03 -1.566360663404921070e+02
1.839805358886718750e+03 7.084335781304398552e+02
1.839826232910156250e+03 -7.432182519740890712e+02
1.839847045898437500e+03 3.027899195578647777e+02
1.839867858886718750e+03 -3.008144774022512138e+02
1.839888732910156250e+03 4.929922256238060072e+02
1.839909545898437500e+03 -5.339690210472326726e+01
1.839930358886718750e+03 -1.030656248322920874e+02
1.839951232910156250e+03 1.757659175245789811e+02
1.839972045898437500e+03 -2.966513413692591712e+02
1.839992858886718750e+03 -1.002785587898688391e+02
1.840013732910156250e+03 -5.797285974923288450e+02
1.840034545898437500e+03 -9.264956901203840971e+02
1.840055358886718750e+03 6.406564873626921326e+02
1.840076232910156250e+03 8.742327306774677709e+02
1.840097045898437500e+03 6.146446481734747067e+02
1.840117858886718750e+03 2.987716949232853949e+02
1.840138732910156250e+03 6.544351246976293623e+01
1.840159545898437500e+03 1.894446748495101929e+02
1.840180358886718750e+03 -2.063179959661792964e+02
1.840201232910156250e+03 -5.675622925837524235e+02
1.840222045898437500e+03 -3.015739094155142084e+02
1.840242858886718750e+03 -1.751693517840467393e+02
1.840263732910156250e+03 -1.900639093499630690e+02
1.840284545898437500e+03 -3.893676523643080145e+02
1.840305358886718750e+03 -1.944181451598415151e+02
1.840326232910156250e+03 -7.606604974264046177e+02
1.840347045898437500e+03 -1.651117574586533010e+01
1.840367858886718750e+03 4.196849824984092265e+02
1.840388732910156250e+03 -7.419526318886782974e+02
1.840409545898437500e+03 1.875898299901746213e+02
1.840430358886718750e+03 -8.003917591646313667e+01
1.840451232910156250e+03 -1.703674207698786631e+02
1.840472045898437500e+03 2.970148914761375636e+02
1.840492858886718750e+03 7.143932932299794629e+02
1.840513732910156250e+03 4.388298212637891993e+02
1.840534545898437500e+03 3.418457611117046326e+02
1.840555358886718750e+03 5.601384940037969500e+02
1.840576232910156250e+03 6.908951228263322264e+01
1.840597045898437500e+03 -5.080261940846685320e+02
1.840617858886718750e+03 6.867739416053518653e+02
1.840638732910156250e+03 4.966188377975486219e+02
1.840659545898437500e+03 7.488800234607188031e+02
1.840680358886718750e+03 2.136881079665618017e+02
1.840701232910156250e+03 3.919884974125307053e+02
1.840722045898437500e+03 2.366119243764551356e+02
1.840742858886718750e+03 5.811708405143581331e+02
1.840763732910156250e+03 2.192923544408986345e+02
1.840784545898437500e+03 -2.840279560991330072e+02
1.840805358886718750e+03 3.333164959434652701e+02
1.840826232910156250e+03 7.960555066629312932e+02
1.840847045898437500e+03 -2.014029886217322201e+02
1.840867858886718750e+03 -2.004772567811887711e+02
1.840888732910156250e+03 -1.610913072698749602e+02
1.840909545898437500e+03 -6.983507170074153692e+01
1.840930358886718750e+03 4.682402900676243007e+02
1.840951232910156250e+03 -2.498506430769339204e+01
1.840972045898437500e+03 -5.931385388555936515e+02
1.840992858886718750e+03 4.638345989297376946e+02
1.841013732910156250e+03 -7.971819536772090942e+01
1.841034545898437500e+03 1.209515238582389429e+02
1.841055358886718750e+03 -1.240544911248143762e+02
1.841076232910156250e+03 -2.479546255691675469e+02
1.841097045898437500e+03 9.438591448987135664e+02
1.841117858886718750e+03 9.785289689705241472e+02
1.841138732910156250e+03 -1.980247108085313812e+02
