1.790679047041965987e+03 -3.416872650040313601e+02
1.790699880717503675e+03 -4.516315325381001458e+02
1.790720714392108675e+03 -1.560621781029039994e+02
1.790741548065666848e+03 -3.054753972351318225e+02
1.790762381738410568e+03 -3.046750365467742085e+02
1.790783215410221601e+03 4.926677310238592327e+02
1.790804049081101994e+03 -5.556901579850818962e+02
1.790824882751167934e+03 -3.158525933546479791e+02
1.790845716420534700e+03 -2.891522921820869669e+02
1.790866550088971053e+03 -4.802405839033890516e+02
1.790887383756591589e+03 -6.653131175761809573e+02
1.790908217423630958e+03 -3.951664359135320410e+02
1.790929051089738550e+03 -7.593952334304340184e+02
1.790949884755263611e+03 -8.038962085010716692e+02
1.790970718419973991e+03 -1.328928078691358678e+03
1.790991552084102523e+03 -5.285759398158406839e+02
1.791012385747533017e+03 -5.745345575431128964e+02
1.791033219410264337e+03 -1.118942192570189945e+03
1.791054053072412898e+03 -1.531739846877753735e+03
1.791074886733863877e+03 -1.446862342319334857e+03
1.791095720394849650e+03 -9.256247265767306089e+02
1.791387391589503977e+03 1.210422928072512150e+01
1.791408225242456410e+03 5.011658786210464314e+02
1.791429058895060052e+03 -6.215571702820016071e+02
1.791449892547197578e+03 1.531879502811934799e+02
1.791470726198868988e+03 1.119311534893582575e+03
1.791491559850075419e+03 -4.735972715092357248e+02
1.791512393500932831e+03 -8.916412395623046905e+02
1.791533227151323899e+03 2.677452095646876842e+02
1.791554060801250671e+03 4.200297973151318729e+02
1.791574894450827060e+03 3.384555870494805276e+02
1.791595728100054657e+03 2.760832792329601943e+02
1.791616561748815457e+03 8.785256748767569661e+02
1.791637395397111959e+03 8.284003271670080721e+02
1.791658229045058306e+03 6.256312791171949357e+02
1.791679062692655862e+03 9.018763799158623442e+02
1.791699896339904626e+03 4.547132340150419623e+02
1.791720729986687047e+03 7.868981484081596136e+02
1.791741563633120677e+03 1.065674374265829101e+03
1.791762397279204379e+03 7.080109305100049824e+02
1.791783230924939062e+03 7.159613868872402236e+02
1.791804064570324499e+03 4.037677103980677202e+02
1.791824898215360918e+03 1.083701449026237242e+03
1.791845731860048545e+03 1.326907309902599081e+02
1.791866565504270056e+03 5.884495259929681197e+02
1.791887399148258510e+03 9.490584115443052724e+02
1.791908232791897944e+03 6.672317605149000883e+02
1.791929066435188361e+03 1.605716197432135232e+03
1.791949900078129986e+03 8.556774769242620096e+02
1.791970733720721455e+03 1.031127367820357904e+03
1.791991567362963451e+03 6.548426096135517582e+02
1.792012401004973071e+03 7.208028882836224511e+02
1.792033234646633446e+03 7.441905907188775018e+02
1.792054068287944574e+03 9.020846908848034218e+02
1.792074901928906456e+03 4.819116599253611639e+02
1.792095735569519093e+03 1.164137476998148486e+02
1.792116569209898898e+03 1.362324638743652031e+03
1.792137402849929458e+03 2.461062742316862568e+02
1.792158236489727642e+03 7.579752528985263780e+02
1.792179070129176125e+03 6.615429701053071767e+02
1.792199903768276045e+03 2.448426512356381863e+02
1.792220737407143133e+03 3.602590618841350079e+01
1.792241571045660521e+03 -2.790885620791232213e+02
1.792262404683827981e+03 1.475087624450679868e+01
1.792283238321763520e+03 5.286801203312352300e+02
1.792304071959466000e+03 -8.916241645388072357e+02
1.792324905596818553e+03 -5.887990350138861686e+02
1.792345739233938957e+03 -3.309068250562995672e+02
1.792366572870710570e+03 -2.169927034840220585e+02
1.792387406507131345e+03 6.872437889366410673e+02
1.792408240143319972e+03 -8.672033474652562290e+01
1.792429073779275996e+03 3.390560492837103084e+02
1.792449907414999416e+03 -3.488084073694190010e+02
1.792470741050373363e+03 -2.824229871877469122e+02
1.792491574685398064e+03 4.001130697315093130e+02
1.792512408320190389e+03 -4.964082610177574679e+02
1.792533241954748974e+03 9.848633198859170079e+01
1.792554075589075637e+03 8.021552775573218241e+02
1.792574909223052146e+03 8.412419828100828454e+02
1.792595742856796505e+03 1.864833239533472806e+02
1.792616576490308034e+03 -4.221657966286875308e+01
1.792637410123471000e+03 2.932458533847238868e+01
1.792658243756399997e+03 2.219739264502422884e+02
1.792679077389096392e+03 2.975848479674896225e+02
1.792699911021443313e+03 -2.400385236705187708e+01
1.792720744653674956e+03 5.727701972494833171e+01
1.792741578285555988e+03 -7.700092187175760046e+02
1.792762411917205100e+03 -1.403077982995891944e+02
1.792783245548504510e+03 -2.012159695276059210e+02
1.792804079179687051e+03 -6.223938129458110780e+01
1.792824912810521482e+03 4.282656674818135798e+02
1.792845746441121946e+03 -2.245677929614903405e+02
1.792866580071490489e+03 3.665439490636344999e+01
1.792887413701625974e+03 1.203332300513284281e+02
1.792908247331411530e+03 -5.765406611213693395e+02
1.792929080961081127e+03 -2.754958821417530999e+02
1.792949914590401477e+03 -3.031760860260110348e+02
1.792970748219488996e+03 -7.276236493204487488e+02
1.792991581848344595e+03 -1.123282930461573415e+03
1.793012415476965998e+03 -1.128061176038812846e+03
1.793033249105355935e+03 -9.476232118360931054e+02
1.793054082733512132e+03 -1.518968976088450290e+03
1.793074916361319083e+03 -5.111715770168229938e+02
1.793095749989009619e+03 -1.275232490115449764e+03
1.793116583616350908e+03 -6.491018018735339865e+02
1.793137417243575328e+03 -1.315564399370923638e+02
1.793158250870451411e+03 3.230158349120756611e+02
1.793179084497211079e+03 6.279706973027205095e+02
1.793199918123621046e+03 6.020371484059141949e+02
1.793220751749798637e+03 1.718346439948072657e+02
1.793241585375858904e+03 2.944193622622406110e+02
1.793262419001571061e+03 3.401292393180774525e+02
1.793283252627049478e+03 3.991327536721946672e+02
1.793304086252295974e+03 6.215513071540044621e+02
1.793324919877308503e+03 5.348191070816246793e+02
1.793345753502205071e+03 8.463619837263831869e+02
1.793366587126752620e+03 7.645914225312881172e+02
1.793387420751067111e+03 1.299817363975103945e+03
1.793408254375148999e+03 3.625279026816133410e+02
1.793429087999114017e+03 8.274458285326836631e+02
1.793449921622730926e+03 6.245667828789446503e+02
1.793470755246114550e+03 4.054017016256693751e+02
1.793491588869380848e+03 9.522538713761605322e+01
1.793512422492298356e+03 -1.696278203363763168e+02
1.793533256115099903e+03 -6.567637574357213452e+02
1.793554089737552431e+03 -6.982308068348793313e+02
1.793574923359888089e+03 -5.711039187357528135e+02
1.793595756981990462e+03 -7.535979256113059819e+02
1.793616590603744044e+03 -2.269084665739210322e+02
1.793637424225380983e+03 1.197645772014511749e+02
1.793658257846785546e+03 4.057703528894344345e+02
1.793679091467955914e+03 -4.222302691106451675e+02
1.793699925089012140e+03 4.349751757767517120e+02
1.793720758709717302e+03 -2.299056945946067572e+02
1.793741592330190997e+03 9.929935685213422403e+02
1.793762425950548050e+03 -4.474643536129733548e+02
1.793783259570555856e+03 7.495538760510971770e+02
1.793804093190447020e+03 2.580449021901004016e+02
1.793824926810104898e+03 4.279743217561626807e+02
1.793845760429529946e+03 8.960090216610115021e+01
1.793866594048722618e+03 -3.315201780514325947e+01
1.793887427667682005e+03 -8.449897762760519981e+02
1.793908261286409015e+03 -3.407339906905544922e+02
1.793929094905019610e+03 -1.583362106297863647e+02
1.793949928523396920e+03 -1.375035725359339267e+01
1.793970762141424530e+03 -3.804311729976907372e+02
1.793991595759336406e+03 1.179982771148206666e+02
1.794012429377133003e+03 -6.607898116491269320e+02
1.794033262994578308e+03 -7.569686982082203031e+00
1.794054096611791920e+03 1.190256894151330926e+03
1.794074930228889116e+03 2.333812486844835803e+02
1.794095763845753481e+03 1.305820742296753451e+03
1.794116597462384107e+03 1.281979774680337869e+03
1.794137431078782356e+03 5.021380378176691011e+02
1.794158264694948002e+03 -1.068709367825649679e+02
1.794179098310998143e+03 9.567580064565408975e+02
1.794199931926813861e+03 1.479190811377484351e+02
1.794220765542397430e+03 9.384162356588058174e+01
1.794241599157749079e+03 -1.270002968868706375e+03
1.794262432772866305e+03 -3.958365136856446043e+02
1.794283266387868025e+03 -5.900821906127966940e+02
1.794304100002520045e+03 -6.167868708306923509e+02
1.794324933617056104e+03 -7.479783842083998024e+02
1.794345767231475975e+03 -3.945096936936024576e+02
1.794366600845545690e+03 -1.231267366275424138e+02
1.794387434459498991e+03 3.222333874035393819e+02
1.794408268073221052e+03 -4.238371143776457757e+02
1.794429101686708691e+03 -4.199026957147289068e+02
1.794449935299963954e+03 6.512905314654344693e+02
1.794470768913103029e+03 1.352382269316585734e+02
1.794491602525892631e+03 -2.765272208283422515e+02
1.794512436138565135e+03 5.185201862992253155e+02
1.794533269751123044e+03 4.232455349889351055e+02
1.794554103363330341e+03 6.324770592157728970e+02
1.794574936975420997e+03 8.749774141234811395e+02
1.794595770587278821e+03 3.408523156616138294e+02
1.794616604199020912e+03 8.033524203870911151e+01
1.794637437810413985e+03 4.683798956042155623e+02
1.794658271421690188e+03 -5.423530389298684895e+01
1.794679105032732878e+03 -3.660008914648788050e+02
1.794699938643544101e+03 2.798499579083872959e+02
1.794720772254238454e+03 3.928249555112561211e+02
1.794741605864699068e+03 4.055381222472060472e+02
1.794762439474928442e+03 1.055015821986715309e+03
1.794783273085040491e+03 2.129689142095157877e+02
1.794804106694919028e+03 1.245182630606112070e+03
1.794824940304566098e+03 8.405195374540053308e+02
1.794845773913979883e+03 6.100493817951064557e+02
1.794866607523277480e+03 8.467421092806616798e+02
1.794887441132224922e+03 3.432700946369441226e+02
1.794908274741173500e+03 4.307159583262400702e+02
1.794929108349771923e+03 1.073263188480981626e+03
1.794949941683105180e+03 6.162227065876359120e+02
1.794970775566504017e+03 1.592045221190201119e+02
1.794991609174636324e+03 -2.699351548560662195e+02
1.795012442782420067e+03 8.227074757529189810e+02
1.795033276390087849e+03 4.714264169781235978e+02
1.795054109997638534e+03 7.926049346302170306e+01
1.795074943604957070e+03 -1.613822849368443713e+02
1.795095777212043004e+03 -6.801254006607923657e+02
1.795116610818894515e+03 -5.598204216719605029e+02
1.795137444425513877e+03 -8.162312445587012917e+02
1.795158278032017961e+03 -1.286426621256512590e+03
1.795179111638404947e+03 -1.615767618014244363e+03
1.795199945244442461e+03 -8.324360585405956954e+02
1.795220778850364013e+03 -1.306811400655191392e+03
1.795241612456169150e+03 -3.569249459891580045e+01
1.795262446061623905e+03 -1.173906125213485211e+03
1.795283279666963153e+03 -8.585795744714559987e+02
1.795304113272185987e+03 -1.221449069393682294e+03
1.795324946877060029e+03 -1.030432157007395290e+03
1.795345780481817428e+03 -7.464978466727770865e+02
1.795366614086458412e+03 -6.975131357578793541e+02
1.795387447690749923e+03 2.398158803017577156e+02
1.795408281294924564e+03 -5.620465488426852971e+02
1.795429114898983016e+03 -5.595775683773681521e+02
1.795449948502809093e+03 -1.007033762263832614e+03
1.795470782106403021e+03 -4.764288012348115444e+02
1.795491615709762300e+03 -3.079028173815459013e+02
1.795512449313006073e+03 1.576203138253185898e+01
1.795533282916017015e+03 -8.529246549033559859e+02
1.795554116518911087e+03 -5.187780510474694893e+02
1.795574950121572556e+03 -8.205500719730043784e+02
1.795595783724002104e+03 -7.968531607609475031e+02
1.795616617326314099e+03 -1.379900426192907616e+02
1.795637450928393491e+03 -1.422460442412411794e+02
1.795658284530356468e+03 -8.633888618896016851e+02
1.795679118132087069e+03 -7.770853700615698472e+02
1.795699951733585067e+03 -4.247522567488485947e+02
1.795720785334965512e+03 -3.221317650963319466e+02
1.795741618936114037e+03 -7.056133298160275444e+02
1.795762452537029048e+03 -2.679649172071367502e+02
1.795783286137829009e+03 4.918247881502611563e+02
1.795804119738394547e+03 1.326459005951182917e+02
1.795824953338843898e+03 3.050327591075329110e+02
1.795845786939060872e+03 1.478636174480197951e+02
1.795866620539161886e+03 3.722783324752235785e+02
1.795887454138913199e+03 3.243849997458746657e+02
1.795908287738664058e+03 -9.035967665337957442e+02
1.795929121338066125e+03 -3.761874848403967917e+02
1.795949954937468419e+03 4.108675948882009834e+02
1.795970788536521013e+03 -5.252923835974652320e+02
1.795991622135456964e+03 -6.810732158978935331e+02
1.796012455734160994e+03 -2.690494918117765337e+02
1.796033289332748154e+03 -5.657286858843872324e+02
1.796054122931102484e+03 5.318606483603361994e+02
1.796074956529339943e+03 2.020136889751302078e+02
1.796095790127345026e+03 -1.239606134387431666e+02
1.796116623725234149e+03 3.287731566329021007e+02
1.796137457322889531e+03 6.497781193881528452e+02
1.796158290920312083e+03 1.635309516662964597e+02
1.796179124517619130e+03 -1.519258096348494291e+02
1.796199958114692890e+03 4.198660882748663425e+02
1.796220791711651145e+03 7.018717743840534240e+01
1.796241625308374523e+03 7.793028010253328830e+01
1.796262458904982850e+03 6.092363490944262594e+02
1.796283292501358119e+03 3.251884309200104326e+02
1.796304126097501012e+03 -5.743790708255255595e+02
1.796324959693526580e+03 -1.282578745732316747e+02
1.796345793289435960e+03 3.504933738820254803e+02
1.796366626884996094e+03 9.030992155603598803e+01
1.796387460480556911e+03 2.315820801431545988e+02
1.796408294075884896e+03 -1.093209465397521853e+02
1.796429127670979597e+03 1.846992448389064521e+02
1.796449961265956972e+03 -7.724989387424429879e+02
1.796470794860702881e+03 2.680704035110538825e+02
1.796491628455331920e+03 -4.238536178480135277e+02
1.796512462049729038e+03 -6.015375943322433159e+02
1.796533295644008376e+03 -5.295611346322111785e+02
1.796554129238054884e+03 -5.656658814942929894e+02
1.796574962831869016e+03 -1.402046723957872018e+03
1.796595796425683147e+03 -9.434512548323255032e+01
1.796616630019148488e+03 -2.764973293046932667e+02
1.796637463612496504e+03 -2.584887622232781723e+02
1.796658297205728104e+03 -1.155718460327479988e+02
1.796679130798728011e+03 -3.498725002751452848e+02
1.796699964391611047e+03 -9.168363757133483887e+02
1.796720797984261026e+03 -2.679046057815430686e+02
1.796741631576795044e+03 1.445474671218544245e+02
1.796762465169095321e+03 -9.151785651007667184e+02
1.796783298776296988e+03 -3.516316098845563829e+02
1.796804132368248929e+03 -7.458027689586160704e+02
1.796824965960084000e+03 -2.130789242142345756e+02
1.796845799551686923e+03 -8.326317909484496340e+02
1.796866633143171839e+03 -8.511357176027959213e+02
1.796887466734425516e+03 -9.369825717590283602e+02
1.796908300325563005e+03 -2.610367560721933842e+02
1.796929133916466981e+03 -7.259258046199101955e+01
1.796949967507254996e+03 -1.295359637818764895e+02
1.796970801097809499e+03 -9.078047765305964276e+02
1.796991634688247359e+03 -2.669756305809132755e+02
1.797012468278568122e+03 5.741344416980864480e+02
1.797033301868657418e+03 -1.322811916692880914e+02
1.797054135458513883e+03 2.377043496113037691e+02
1.797074969048369894e+03 -2.555372889871941879e+02
1.797095802637877114e+03 -6.274139231326989830e+01
1.797116636227267463e+03 4.762807339777937159e+02
1.797137469816540943e+03 6.793489304351387545e+02
1.797158303405698462e+03 7.686393504426814616e+01
1.797179136994623605e+03 4.204246388941537589e+02
1.797199970583315917e+03 4.311841323083499447e+02
1.797220804171890904e+03 7.789207359800348058e+02
1.797241637760351068e+03 2.467590437736362219e+01
1.797262471348576582e+03 1.006687132163438946e+03
1.797283304936685909e+03 1.187193169827107340e+03
1.797304138524562859e+03 5.615687355131376535e+02
1.797324972112323849e+03 7.505692048568744212e+02
1.797345805699968423e+03 1.062216074389289133e+03
1.797366639287379940e+03 1.047447708910680376e+03
1.797387472874675041e+03 1.638401128354715183e+03
1.797408306461736629e+03 4.635765465559670702e+02
1.797429140048682029e+03 7.661977247993927449e+02
1.797449973635395054e+03 5.972945409164531156e+02
1.797470807222107851e+03 3.607724365566391498e+02
1.797491640808471857e+03 7.435503101702779531e+02
1.797512474394835863e+03 8.573540507133584470e+02
1.797533307980967038e+03 -1.246711778439348564e+02
1.797554141566864928e+03 -6.076603645319119096e+01
1.797574975152762363e+03 -8.730067635064478964e+02
1.797595808738426967e+03 -5.383948626207420602e+02
1.797616642323860106e+03 -6.771105399299412966e+02
1.797637475909175919e+03 2.813034393521957099e+02
1.797658309494375999e+03 -5.938524065011879429e+02
1.797679143079458981e+03 5.460788897030288354e+02
1.797699976664308906e+03 -6.372535988397430629e+01
1.797720810248927137e+03 6.022812791537726298e+02
1.797741643833543549e+03 2.786451151130022481e+02
1.797762477417928039e+03 4.857830275009619072e+02
1.797783311002196115e+03 3.128236841321922839e+02
1.797804144586232042e+03 6.131976587679237127e+02
1.797824978170151098e+03 -4.883187786296475679e+02
1.797845811753953967e+03 -2.296501356824301183e+02
1.797866645337524005e+03 4.531146779225673527e+01
1.797887478920976946e+03 4.690092159756459296e+02
1.797908312504313926e+03 5.909150065078865737e+02
1.797929146087534946e+03 -2.179658039478817955e+02
1.797949979670521316e+03 1.301233714732807130e+02
1.797970813253391952e+03 1.543854769526515156e+02
1.797991646836147538e+03 3.130647350044455379e+01
1.798012480418670066e+03 -8.608966137376846746e+02
1.798033314001075041e+03 1.341867740037152544e+03
1.798054147583364966e+03 -3.719838483887724578e+02
1.798074981165420922e+03 -1.542187200145563111e+02
1.798095814747361146e+03 4.433903687691781670e+02
1.798116648329184954e+03 -9.369360739267431200e+02
1.798137481910891893e+03 -6.782576342327520251e+02
1.798158315492366455e+03 -7.244682008214294910e+02
1.798179149073840563e+03 7.845876237405464053e+02
1.798199982654964970e+03 -1.019694108430529013e+03
1.798220816236090059e+03 7.499813640738138929e+02
1.798241649817098960e+03 3.812831356074893847e+02
1.798262483397874576e+03 -3.732407386170234531e+01
1.798283316978534003e+03 1.357065334167564288e+02
1.798304150558961055e+03 -3.009077754655154422e+02
1.798324984139386970e+03 2.474064213632373139e+02
1.798345817719580964e+03 -4.293970645222580060e+02
1.798366651299658997e+03 -6.840369029049761593e+02
1.798387484879619478e+03 -3.607977207809453830e+02
1.798408318459463999e+03 -3.770505290057044476e+02
1.798429152039192104e+03 -4.801825775094330311e+02
1.798449985618688515e+03 -6.381912747101159766e+02
1.798470819198068057e+03 -1.224508190877153538e+03
1.798491652777329818e+03 6.688516584783792496e+01
1.798512486356474938e+03 -4.539866447047097608e+02
1.798533319935388135e+03 1.157302831960842013e+02
1.798554153514302016e+03 -1.438187598751392215e+01
1.798574987092982155e+03 4.428767952602356672e+00
1.798595820671545880e+03 -7.202943803602829576e+01
1.798616654250110059e+03 2.261870619457913563e+02
1.798637487828324993e+03 1.179162259969278239e+03
1.798658321406539926e+03 1.208237051133997738e+03
1.798679154984637989e+03 7.515595678389072418e+02
1.798699988562504132e+03 2.480725762686925009e+02
1.798720822140368909e+03 3.875500551408622414e+02
1.798741655718001994e+03 1.223477226267219521e+03
1.798762489295517980e+03 1.182495515889138915e+03
1.798783322873034422e+03 1.043415558264823630e+02
1.798804156450318033e+03 2.582729145956691355e+02
1.798824990027485001e+03 -3.906205052785808221e+02
1.798845823604536008e+03 -6.829815150063950568e+01
1.798866657181470146e+03 -2.281971878759795800e+02
1.798887490758170998e+03 -7.933230702928267419e+01
1.798908324334872987e+03 3.082754644233500585e+02
1.798929157911457423e+03 8.285018521809251979e+02
1.798949991487926127e+03 7.917554256718140095e+02
1.798970825064162000e+03 1.298893955871229991e+03
1.798991658640397418e+03 7.522286124997772276e+02
1.799012492216516875e+03 1.049037665838492103e+03
1.799033325792403048e+03 8.356005748674506322e+02
1.799054159368288992e+03 1.480366361084161326e+03
1.799074992944058067e+03 1.050724708203226328e+03
1.799095826519711864e+03 9.359634263291954994e+02
1.799116659853045121e+03 1.063191377370851114e+03
1.799137493670554022e+03 1.190558351031388156e+03
1.799158327003887280e+03 1.114715737574384548e+03
1.799179160821046025e+03 1.038967192318756133e+03
1.799199994154379283e+03 1.070833512876997702e+03
1.799220827971073049e+03 1.102844166609691456e+03
1.799241661545911484e+03 1.483074096075608395e+03
1.799262495120749918e+03 1.104438870124984533e+03
1.799283328695355976e+03 1.099836019757203758e+03
1.799304162269844937e+03 8.514481840746011585e+02
1.799324995844335035e+03 9.693027013081591576e+02
1.799345829418708036e+03 4.850590785156236961e+02
1.799366662992964848e+03 1.309802813266869634e+03
1.799387496567105018e+03 1.242768712157034315e+03
1.799408330141128999e+03 8.608110108643304557e+02
1.799429163715152981e+03 9.798524262240389362e+02
1.799449997288943450e+03 5.852708048857748508e+02
1.799470830862734601e+03 -5.978479142603464425e+01
1.799491664436408882e+03 2.655031795045360923e+02
1.799512498010084073e+03 6.895413426008308306e+02
1.799533331583525978e+03 1.242307187180267647e+03
1.799554165156969020e+03 3.122355204882333055e+02
1.799574998730294055e+03 5.720959772057831287e+02
1.799595832303502903e+03 1.081316205244045705e+03
1.799616665876711977e+03 1.520912644554511644e+03
1.799637499449803954e+03 1.407111789595801383e+03
1.799658333022780425e+03 3.102344621565425768e+02
1.799679166595756442e+03 7.631976059793960303e+02
1.799700000168616043e+03 -3.185073780326638371e+01
1.799720833741359002e+03 2.157656556405127048e+02
1.799741667314102415e+03 -2.841484644273295999e+02
1.799762500886729413e+03 -3.247593333139084280e+02
1.799783334459239995e+03 1.424366250865859911e+02
1.799804168031750123e+03 -5.556457619741559029e+01
1.799825001604260933e+03 -1.670779583849944174e+02
1.799845835176538003e+03 -1.417042700737947598e+02
1.799866668748931943e+03 -4.685271227048942819e+02
1.799887502321093962e+03 5.053952377383830026e+02
1.799908335893371031e+03 -3.628979896890232340e+02
1.799929169465415953e+03 -6.375127441860968247e+02
1.799950003037577062e+03 3.702214282809291035e+01
1.799970836609505113e+03 -5.727156056434614584e+02
1.799991670181550489e+03 1.201183636507485062e+02
1.800012503753479905e+03 -5.072846909078070894e+02
1.800033337325291996e+03 -2.495443176142871380e+02
1.800054170897104086e+03 -5.298261460448848084e+02
1.800075004468915949e+03 -5.580611493584001437e+02
1.800095838040728495e+03 -4.476437609320273623e+02
1.800116671612423943e+03 -1.381145717437262647e+03
1.800137505184120073e+03 -5.322112420051125810e+02
1.800158338755698878e+03 -5.631958415966946632e+02
1.800179172327395008e+03 4.720590361461509019e+02
1.800200005898974041e+03 -5.645943859184626490e+02
1.800220839470553074e+03 -7.815517699936171994e+02
1.800241673042131879e+03 -1.079569990394520573e+03
1.800262506613594951e+03 -2.093488051343010738e+02
1.800283340185173984e+03 -5.506889457771321759e+02
1.800304173756635919e+03 -4.949894042802043259e+02
1.800325007328098991e+03 -1.910788276813691482e+02
1.800345840899562063e+03 -1.537120661220164038e+03
1.800366674471140868e+03 -1.112367494111182168e+03
1.800387508042603486e+03 -1.166146080988808535e+03
1.800408341614067012e+03 -6.020125133034307510e+02
1.800429175185529857e+03 -2.948679864098085091e+02
1.800450008756992929e+03 -4.098125626222463325e+02
1.800470842328571962e+03 -5.205367337955394760e+02
1.800491675900035034e+03 -4.370301619261736050e+02
1.800512509471614067e+03 -5.830697524459101260e+02
1.800533343043192872e+03 -1.202246300364378840e+03
1.800554176614772132e+03 -4.048044816876063123e+02
1.800575010186468035e+03 8.786802656418876722e+02
1.800595843758047067e+03 -9.500644977425690740e+01
1.800616677329742060e+03 -2.893352258531376719e+01
1.800637510901553924e+03 4.107760789385065436e+01
1.800658344473366469e+03 -1.718694081720896065e+02
1.800679178045179015e+03 5.009452926121884957e+02
1.800700011617107975e+03 -4.622117668137652799e+02
1.800720845189036027e+03 -6.214014568664133549e+02
1.800741678761080948e+03 -5.358295836368342862e+02
1.800762512333125414e+03 -2.074277938787126914e+02
1.800783345905402939e+03 -9.719586647715186700e+02
1.800804179477680918e+03 -7.553644331723917276e+02
1.800825013049957988e+03 -9.591827263380400836e+02
1.800845846622469480e+03 -1.035103978935629129e+03
1.800866680194980972e+03 -1.640008495285408571e+03
1.800887513767607061e+03 -7.849240449178032577e+02
1.800908347340350474e+03 1.146870106540154666e+02
1.800929180913210075e+03 -7.173240492410259321e+02
1.800950014486185864e+03 -4.187179229655303061e+02
1.800970848059394939e+03 2.329470356875099242e+02
1.800991681632604013e+03 7.972034313797485083e+01
1.801012515206045919e+03 -1.242779289397760294e+03
1.801033348779605149e+03 -9.494578130990266800e+02
1.801054182353279884e+03 -2.261549100712873042e+02
1.801075015927187451e+03 6.667301558363251388e+02
1.801095849501210978e+03 -6.332739178596530110e+02
1.801116683075468018e+03 -5.267980187765788287e+02
1.801137516649841018e+03 2.732490879970137030e+02
1.801158350224447076e+03 3.741087697922484949e+02
1.801179183799285966e+03 -6.662143759203609079e+02
1.801200017374358140e+03 -1.113682215789449401e+03
1.801220850949663145e+03 -4.764612789591774344e+01
1.801241684525200071e+03 -2.159370861315401271e+02
1.801262518100853868e+03 3.856752880278509110e+01
1.801283351676972870e+03 -5.655366267485078424e+02
1.801304185253208971e+03 -1.183892948630964383e+02
1.801325018829793862e+03 -4.802228545635007322e+02
1.801345852406612494e+03 -6.336729380663018674e+02
1.801366685983779917e+03 -1.403576702823629603e+02
1.801387519561179943e+03 8.479069017551373690e+02
1.801408353139044948e+03 2.925309686016989872e+02
1.801429186717144148e+03 1.387604579298058525e+02
1.801450020295591457e+03 7.205464681346202269e+02
1.801470853874504883e+03 4.598617032830370590e+02
1.801491687453768009e+03 9.287531936489976943e+02
1.801512521033379926e+03 4.544913881561951712e+02
1.801533354613457959e+03 -2.646852748948149383e+02
1.801554188193885011e+03 1.449509661513147876e+03
1.801575021774894594e+03 1.498961542499600910e+03
1.801595855356252969e+03 7.867808964650612324e+02
1.801616688938193420e+03 -1.861658206962747499e+02
1.801637522520599987e+03 1.536899642404168844e+02
1.801658356103470851e+03 -8.517744535416131839e+02
1.801679189686924474e+03 4.782583693717606366e+01
1.801700023270959946e+03 1.181414607188897207e+03
1.801720856855577949e+03 7.609294150681234896e+02
1.801741690440778029e+03 4.401825661121401936e+02
1.801762524026677056e+03 3.461443813632940874e+02
1.801783357613273438e+03 4.462424762765876949e+02
1.801804191200451896e+03 4.361250239938963205e+02
1.801825024788329983e+03 5.302321705492213368e+02
1.801845858377022068e+03 8.679245738049503416e+02
1.801866691966412873e+03 1.362596038671210408e+03
1.801887525556619039e+03 2.748426284635206684e+02
1.801908359147640112e+03 4.506677838577888906e+02
1.801929192739474956e+03 2.866817809522617608e+02
1.801950026332242032e+03 -1.324259657768416218e+03
1.801970859925940431e+03 -1.619356342208920978e+03
1.801991693520571062e+03 -1.545103489311062731e+03
1.802012527116130968e+03 -6.818675826436374336e+02
1.802033360712739977e+03 -9.978166610175976530e+02
1.802054194310396042e+03 3.985007660719566047e+02
1.802075027909099845e+03 -7.817585375185590237e+02
1.802095861508968483e+03 -1.456411534318584017e+03
1.802116695109884859e+03 2.007317721360595897e+02
1.802137528711964933e+03 -2.557937624563928694e+02
1.802158362315208933e+03 -6.374231598012847826e+02
1.802179195919733502e+03 -2.901470701048383489e+02
1.802200029525422906e+03 -6.528518750427756459e+02
1.802220863132392878e+03 -9.662160623248200864e+02
1.802241696740642965e+03 -1.224259392678388394e+03
1.802262530350056977e+03 1.368710895972326398e+03
1.802283363960752467e+03 1.098301207402255386e+02
1.802304197572611884e+03 1.057713948138058186e+03
1.802325031185750959e+03 -6.071314687621779740e+02
1.802345864800055097e+03 4.370757741992129013e+02
1.802366698415406063e+03 -1.357678430798696354e+03
1.802387532031805449e+03 3.860008696587756276e+02
1.802408365649137068e+03 7.138323611447121948e+02
1.802429199267397962e+03 -2.020508927269838750e+01
1.803470878465352143e+03 1.750499683063477278e+03
1.803491712007362594e+03 8.749232861701166257e+02
1.803512545548323942e+03 1.608637716840486974e+03
1.803533379088355559e+03 1.776636677019065246e+03
1.803554212627454945e+03 1.401750431832973845e+03
1.803575046165623462e+03 1.373657783130882308e+03
1.803595879702975935e+03 1.294325592005392537e+03
1.803616713239514866e+03 1.031921450822963379e+03
1.803637546775122473e+03 1.380740513549651951e+03
1.803658380309914492e+03 9.681760307471267879e+02
1.803679213844008473e+03 8.973563304572599009e+02
1.803700047377288001e+03 7.686553423688746989e+02
1.803720880909751031e+03 8.421297256608959287e+02
1.803741714441633576e+03 -3.421857526607345790e+01
1.803762547972700986e+03 3.383874535294016823e+02
1.803783381503068995e+03 -2.878033135379664600e+02
1.803804215032738057e+03 -6.020029189147753641e+02
1.803825048561826407e+03 -5.942945640321122482e+02
1.803845882090100076e+03 -1.002376470002345741e+02
1.803866715617906948e+03 -7.395314798980252817e+02
1.803887549145016010e+03 1.534264264102093875e+02
1.803908382671427034e+03 -7.109208033742615953e+02
1.803929216197371034e+03 8.704856577364262193e+01
1.803950049722734093e+03 -2.754048034033039585e+02
1.803970883247397978e+03 -8.139912363106850535e+01
1.803991716771595975e+03 -1.129268365917261690e+03
1.804012550295096389e+03 -2.734517821657937020e+02
1.804033383818248012e+03 -2.806757074727211148e+02
1.804054217340698870e+03 -7.192383381630061194e+02
1.804075050862686112e+03 2.579289669442223385e+02
1.804095884384207466e+03 -7.052161463070660830e+02
1.804116717905146061e+03 -7.486992345608305186e+02
1.804137551425503034e+03 -4.249640690524829552e+02
1.804158384945510988e+03 -1.081820429565850645e+02
1.804179218464935957e+03 -1.163675112890778109e+02
1.804200051983895492e+03 -6.116983206102158874e+02
1.804220885502390047e+03 -1.442064807873684913e+02
1.804241719020418032e+03 -1.894938625119393691e+02
1.804262552538097452e+03 3.507173729714704677e+02
1.804283386055195024e+03 1.363169829893158749e+02
1.804304219571826025e+03 -2.500391678517917171e+02
1.804325053088108461e+03 -2.852576381942490116e+02
1.804345886603809049e+03 3.400175799241987988e+02
1.804366720119276124e+03 -4.725023544504074380e+02
1.804387553634161577e+03 -1.361881952689727768e+02
1.804408387148698012e+03 -1.446194164891494438e+02
1.804429220662767875e+03 -3.407146984969731420e+02
1.804450054176489402e+03 -9.083852355561684817e+02
1.804470887689745041e+03 -2.464230917218374088e+02
1.804491721202651433e+03 -2.182153226083610207e+02
1.804512554715091937e+03 -2.362793953628279269e+02
1.804533388227182968e+03 3.055204856193158776e+02
1.804554221738925435e+03 -1.293526279609650373e+02
1.804575055250202013e+03 2.598492145957425237e+01
1.804595888761129117e+03 1.124617901397403330e+03
1.804616722271706976e+03 6.379966299557127059e+02
1.804637555781818946e+03 7.497880798394326121e+02
1.804658389291697858e+03 -2.572356953395064920e+02
1.804679222801113610e+03 2.847044306625612080e+02
1.804700056310178979e+03 3.669063665390713140e+02
1.804720889818893966e+03 -3.355387129567097872e+02
1.804741723327259933e+03 5.145349360818509012e+02
1.804762556835276882e+03 -1.132403628688771278e+02
1.804783390342944585e+03 -1.058349265311029740e+03
1.804804223850263043e+03 -5.213016903708921745e+02
1.804825057357232026e+03 -7.107572367079555988e+02
1.804845890863851537e+03 -6.409320850869407877e+02
1.804866724370122483e+03 -2.558040919412160292e+02
1.804887557876043957e+03 2.417001701183617115e+02
1.804908391381615957e+03 -5.750924627908971161e+02
1.804929224886838483e+03 -4.736927385254530236e+02
1.804950058391828861e+03 -7.897023865231312811e+01
1.804970891896469993e+03 5.159865982966730371e+02
1.804991725400760970e+03 -1.985757427584612742e+02
1.805012558904703610e+03 -6.723640258136438206e+02
1.805033392408297004e+03 3.317829439266351983e+02
1.805054225911656886e+03 -4.441828295856248587e+02
1.805075059414667976e+03 1.674220932461321354e+01
1.805095892917328911e+03 -4.782189098460366949e+02
1.805116726419758606e+03 8.597046062815934420e+00
1.805137559921838147e+03 -8.428016550895990804e+02
1.805158393423569123e+03 1.732019360203994438e+02
1.805179226925067042e+03 3.036250502453185618e+00
1.805200060426097934e+03 4.738749490770278499e+02
1.805220893927014004e+03 3.668262984305620193e+02
1.805241727427579917e+03 -3.065739400053862482e+02
1.805262560927797495e+03 -4.209345961856888607e+02
1.805283394427664916e+03 -5.167079292520647869e+02
1.805304227927299962e+03 -1.019953956722049043e+03
1.805325061426702405e+03 -1.071851746178930625e+03
1.805345894925755147e+03 -9.053291302351281047e+02
1.805366728424458870e+03 -7.602933987445430830e+02
1.805387561922929990e+03 -5.220383804944576696e+02
1.805408395421168052e+03 -8.076615424222545698e+02
1.805429228919057095e+03 -3.865370106972986832e+02
1.805450062416595983e+03 -4.176600486751412973e+02
1.805470895913902496e+03 3.618779955945210531e+02
1.805491729410976859e+03 -4.499561917731771246e+02
1.805512562907701522e+03 6.705531649222830310e+02
1.805533396404192899e+03 8.708901208802126348e+02
1.805554229900335031e+03 8.768310498435748741e+02
1.805575063396245014e+03 1.041865391149534844e+03
1.805595896891805978e+03 1.218412337970454246e+03
1.805616730387133430e+03 7.697121261499123648e+02
1.805637563882228505e+03 5.788904495793394744e+01
1.805658397377090523e+03 2.887019647442502901e+02
1.805679230871603067e+03 1.019584005977958441e+01
1.805700064365766139e+03 2.276849694547709078e+02
1.805720897859813476e+03 -1.021674728965386748e+03
1.805741731353511113e+03 -9.027397802745690569e+02
1.805762564846859959e+03 -4.339890493073035032e+02
1.805783398340091935e+03 -3.496750109788263217e+02
1.805804231832975574e+03 -1.947553728744387627e+02
1.805825065325509058e+03 4.352647171914577484e+02
1.805845898817926582e+03 3.543862259024754167e+02
1.805866732309994859e+03 1.872154779082629830e+02
1.805887565801828941e+03 4.003357842122204602e+02
1.805908399293432012e+03 8.367158453433075920e+02
1.805929232784685155e+03 2.966214335215045139e+02
1.805950066275705467e+03 1.197901025086990558e+03
1.805970899766492948e+03 2.244628461500396952e+02
1.805991733257047599e+03 9.653932612116914243e+02
1.806012566747253004e+03 1.756614829095778987e+02
1.806033400237226033e+03 -2.494877508049830794e+01
1.806054233726966004e+03 2.758741022498579696e+02
1.806075067216472462e+03 -8.436587420954601839e+02
1.806095900705746999e+03 6.926728362732101232e+02
1.806116734194671153e+03 -3.216319469603477046e+02
1.806137567683363159e+03 2.632954648276790977e+01
1.806158401171821879e+03 -1.872608253494836390e+02
1.806179234660048451e+03 -3.743532727952115238e+02
1.806200068148042419e+03 -4.665888139078160748e+02
1.806220901635686459e+03 -1.319565078244777396e+02
1.806241735123099033e+03 2.157333352980203927e+02
1.806262568610277867e+03 -4.911371131198247895e+02
1.806283402097224098e+03 -1.558130744866793975e+02
1.806304235583937043e+03 -4.289792669549351558e+02
1.806325069070416930e+03 -7.074387756851501763e+02
1.806345902556664441e+03 -1.507882262151688337e+02
1.806366736042562934e+03 -1.804234930882230401e+02
1.806387569528228141e+03 1.122628382832044736e+02
1.806408403013660973e+03 -2.349606597303645685e+02
1.806429236498976479e+03 4.699157935450784862e+01
1.806450069983827007e+03 -4.825463060680776834e+02
1.806470903468561119e+03 3.494445109060034156e+02
1.806491736953061945e+03 -1.006022388592828065e+03
1.806512570437329941e+03 8.087624059790978208e+02
1.806533403921248919e+03 -3.453164727494586259e+02
1.806554237405051026e+03 -6.124393583219498396e+02
1.806575070888505024e+03 4.373335524706635624e+01
1.806595904371725055e+03 1.113829585191560909e+02
1.806616737854829580e+03 9.825750645941589028e+02
1.806637571337583950e+03 2.061183253538329154e+02
1.806658404820106398e+03 1.535352534835692495e+02
1.806679238302396016e+03 2.354781491314060986e+02
1.806700071784452120e+03 2.751372141204774380e+01
1.806720905266276077e+03 4.808997700815089047e+02
1.806741738747866520e+03 -4.926183098604669794e+02
1.806762572229224133e+03 9.119472558249253780e+02
1.806783405710232955e+03 6.804298605206422508e+02
1.806804239191124907e+03 1.104276646357378922e+03
1.806825072671784483e+03 9.887351163534913212e+01
1.806845906152211001e+03 -2.250751968406839296e+02
1.806866739632288500e+03 9.710619592419825494e+02
1.806887573112250038e+03 1.044460547863272950e+02
1.806908406591978064e+03 7.826842315227258950e+01
1.806929240071357071e+03 1.008365987537312321e+03
1.806950073550619436e+03 5.022452207435853779e+02
1.806970907029533009e+03 4.635196087330114096e+02
1.806991740508329485e+03 -5.189690237530739978e+02
1.807012573986893585e+03 2.101306548475986347e+02
1.807033407465107985e+03 6.101288473505992442e+02
1.807054240943206423e+03 2.892779209560249001e+02
1.807075074420955389e+03 -3.391814708639867604e+01
1.807095907898587939e+03 -2.266214887297246605e+02
1.807116741375988113e+03 -7.509951596419559792e+02
1.807137574853038586e+03 -3.546181817103642970e+02
1.807158408329973099e+03 -1.518749815188348293e+02
1.807179241806673872e+03 -3.508167860889807343e+01
1.807200075283025853e+03 -1.007938452770933509e+03
1.807220908759261420e+03 2.827759082999546081e+01
1.807241742235264155e+03 -1.017590289905201644e+03
1.807262575711034515e+03 -8.535809828783385456e+00
1.807283409186572044e+03 -5.322158990666503087e+02
1.807304242661876060e+03 -3.766046396200545132e+01
1.807325076136948155e+03 -2.546898246817290783e+02
1.807345909611786965e+03 -2.005351920879911631e+01
1.807366743086392489e+03 3.655092086968943477e+01
1.807387576560765410e+03 4.600383304128190503e+02
1.807408410034905955e+03 6.391755032527726144e+02
1.807429243508812988e+03 1.273315531225409359e+03
1.807450076982604060e+03 5.010510046008275822e+02
1.807470910456046113e+03 8.616738255660748109e+02
1.807491743929370841e+03 -2.952967511672759429e+02
1.807512577402347006e+03 5.445800276378868148e+02
1.807533410875206528e+03 7.576788016022183001e+02
1.807554244347833901e+03 5.375756434894865379e+02
1.807575077820111574e+03 -7.265826994578819722e+02
1.807595911292272604e+03 2.224270726740360260e+01
1.807616744764201030e+03 -2.242215922997565940e+02
1.807637578235895944e+03 -8.619243721937527880e+02
1.807658411707358937e+03 2.141797309181420133e+02
1.807679245178705060e+03 -3.997524617193266749e+02
1.807700078649701936e+03 -9.019944245053920895e+01
1.807720912120466437e+03 2.428156744118314236e+02
1.807741745591114523e+03 -3.253767237366409972e+02
1.807762579061412907e+03 3.790014903286937624e+02
1.807783412531594877e+03 6.530850780021864921e+01
1.807804246001544925e+03 3.794403124318923801e+02
1.807825079471262143e+03 -4.073865136344684288e+02
1.807845912940746075e+03 3.419330299210269004e+02
1.807866746409996495e+03 -3.192504845187067986e+02
1.807887579879131408e+03 2.650298204362625256e+02
1.807908413347915939e+03 4.467922668604878709e+02
1.807929246816584964e+03 -8.842278804653324187e+01
1.807950080284904516e+03 6.345065666094888002e+01
1.807970913753107425e+03 -5.624738649348728359e+00
1.807991747086440682e+03 1.062160775542724878e+02
1.808012580688815888e+03 2.180677785606821999e+02
1.808033414156436493e+03 -7.495174150754464790e+02
1.808054247623707852e+03 -5.724939419609727338e+02
1.808075081090863478e+03 -2.417297393099870533e+02
1.808095914557668948e+03 -8.837560972110368311e+02
1.808116748024358913e+03 -2.894181641861796379e+02
1.808137581490816501e+03 -2.089309536867076531e+02
1.808158414957039895e+03 -7.064600161352427676e+02
1.808179248423031595e+03 -3.974615852157585323e+02
1.808200081888905970e+03 -8.544634708578232676e+02
1.808220915354431554e+03 -1.080907422774122097e+03
1.808241748819841405e+03 -8.780360286985523999e+01
1.808262582285017970e+03 -7.527684869330842048e+02
1.808283415749961023e+03 -8.370408104370580986e+02
1.808304249214787887e+03 -5.989739080142462626e+02
1.808325082679265506e+03 -1.556944663396920078e+03
1.808345916143627392e+03 -7.420989661877974868e+02
1.808366749607639576e+03 -4.821791531958151609e+02
1.808387583071535119e+03 -4.600021004343871027e+02
1.808408416535198057e+03 -6.915935268378816545e+02
1.808429249998744126e+03 -4.939669156362069771e+02
1.808450083461942086e+03 -4.553305208344245329e+02
1.808470916925022948e+03 -8.149192121383966878e+02
1.808491750387870979e+03 -5.519685947446851060e+02
1.808512583850485953e+03 -8.625644918859470636e+02
1.808533417312868096e+03 -1.010028605705127120e+03
1.808554250775134506e+03 -9.942498347471700981e+02
1.808575084237050987e+03 -2.328360221865586936e+02
1.808595917698851054e+03 4.351074911421164870e+01
1.808616751160418971e+03 -1.004498495764564723e+02
1.808637584621870019e+03 -5.121656388000119478e+02
1.808658418082971593e+03 6.613908448256552219e+01
1.808679251543956980e+03 1.794891539692180231e+02
1.808700085004709535e+03 -1.846155324229039252e+02
1.808720918465229488e+03 5.118588457143632695e+02
1.808741751925515928e+03 3.229821137724211439e+02
1.808762585385686407e+03 7.539143932145088911e+01
1.808783418845624965e+03 5.906585566023131832e+02
1.808804252305329555e+03 -4.214812357383780181e+02
1.808825085764801543e+03 4.723060576586285606e+02
1.808845919224040017e+03 2.263036175273591653e+02
1.808866752683162986e+03 8.665140120639698580e+02
1.808887586142053578e+03 5.497330472449539229e+02
1.808908419600709976e+03 9.015027083347085863e+02
1.808929253059134453e+03 2.231338336089393124e+02
1.808950086532693149e+03 -1.582804145474219695e+02
1.808970919990767925e+03 2.815984442326007411e+02
1.808991753448609870e+03 3.286566663765115663e+02
1.809012586906336537e+03 5.875211034964304417e+02
1.809033420363713049e+03 5.171539805732900277e+02
1.809054253820972463e+03 2.971731920117745176e+02
1.809075087278000410e+03 4.886103319679386914e+01
1.809095920734911033e+03 5.912196002660784870e+02
1.809116754191472410e+03 9.595874405245995149e+02
1.809137587647918053e+03 -1.940380280789686367e+02
1.809158421104129957e+03 -3.859799860494676977e+02
1.809179254560226582e+03 -2.665150453785900027e+02
1.809200088015973051e+03 -5.812737794300774112e+02
1.809220921471603106e+03 2.258219415852800012e+02
1.809241754927117427e+03 -3.461465827017091215e+02
1.809262588382282047e+03 -7.389770244376268238e+02
1.809283421837330025e+03 -2.207867826002184302e+02
1.809304255292146081e+03 -4.374160598085727543e+02
1.809325088746727943e+03 -4.708391643685754389e+02
1.809345922201194298e+03 1.099447150672785938e+02
1.809366755655429415e+03 7.996462186321150512e+01
1.809387589109429882e+03 -3.838377036973834038e+02
1.809408422563313479e+03 1.583165057103615254e+02
1.809429256016848967e+03 -1.208938504717079923e+02
1.809450089470384000e+03 -1.602597406127024442e+02
1.809470922923569105e+03 5.493009593551978469e+02
1.809491756376638477e+03 5.915536732446635142e+02
1.809512589829475019e+03 -3.655612848041346297e+02
1.809533423282078047e+03 4.674539534923387691e+02
1.809554256734566025e+03 1.160240286524407566e+03
1.809575090186820034e+03 3.531263616333017126e+02
1.809595923638840986e+03 9.489383583232993260e+02
1.809616757090630472e+03 7.144787410155404359e+02
1.809637590542301950e+03 3.859884351042564958e+02
1.809658423993741508e+03 7.881948854330694303e+02
1.809679257445065105e+03 6.139812285910593346e+02
1.809700090896155416e+03 -2.288250393201597035e+02
1.809720924347012897e+03 -6.714831021998543292e+02
1.809741757797753507e+03 -2.314037312818691134e+02
1.809762591248145554e+03 -7.099448824046412483e+02
1.809783424698537146e+03 -1.470180928408983164e+03
1.809804258148579038e+03 -7.745382997322594747e+02
1.809825091598505423e+03 -3.971454009518492967e+02
1.809845925048198978e+03 -9.215487162618665025e+02
1.809866758497774981e+03 -5.197020128825679421e+02
1.809887591947119517e+03 4.565899647331098095e+02
1.809908425396230086e+03 2.539511022053193301e+01
1.809929258845224467e+03 1.099860655394033529e+03
1.809950092293986927e+03 1.205524039334268309e+03
1.809970925742516556e+03 1.023745328216231428e+03
1.809991759190928860e+03 1.054734539369819686e+02
1.810012592639108561e+03 3.086380863125668839e+02
1.810033426087172529e+03 -1.117001005185302347e+02
1.810054259534886114e+03 -7.025615787608548999e+02
1.810075092982599926e+03 -3.734340077665401623e+02
1.810095926429965402e+03 -3.361082836170680821e+02
1.810116759877214463e+03 -1.212588841963559389e+03
1.810137593324345971e+03 -1.063037958243978210e+03
1.810158426771245104e+03 -7.785831602563848719e+02
1.810179260217912088e+03 -8.405552732037613168e+02
1.810200093664344877e+03 -6.306738264217274264e+02
1.810220927110662160e+03 -4.113429445947986096e+01
1.810241760556863483e+03 -3.178612149673281237e+02
1.810262594002715559e+03 -1.080485243346774951e+02
1.810283427448566954e+03 -8.507820323831401765e+02
1.810304260894068420e+03 2.604697107304818928e+02
1.810325094339455063e+03 -5.220271087329601869e+02
1.810345927784724154e+03 -7.651404591751052067e+02
1.810366761229760414e+03 -2.617225185309071094e+02
1.810387594674564525e+03 6.719849316651234403e+02
1.810408428119252449e+03 -2.150279108997201547e+02
1.810429261563706405e+03 -9.817145154115278274e+02
1.810450095007927985e+03 -4.475750238834880292e+02
1.810470928452033604e+03 2.219163716549519449e+02
1.810491761896023036e+03 -4.277476952876895666e+00
1.810512595339778954e+03 -4.325680062632309273e+02
1.810533428783301588e+03 -1.444948053208645433e+01
1.810554262226708943e+03 7.378886083358665928e+02
1.810575095669883012e+03 1.101825892969267443e+03
1.810595929112939984e+03 8.827819792402442545e+02
1.810616762555765035e+03 4.575513946266146377e+02
1.810637595998473444e+03 2.827232427385170013e+02
1.810658429440949021e+03 3.010462427970487624e+02
1.810679262883307956e+03 -6.827364657879807055e+02
1.810700096325434515e+03 8.751524577068630606e+01
1.810720929767444431e+03 2.310996707215672359e+02
1.810741763209221062e+03 -3.307143104220740497e+02
1.810762596650764863e+03 -1.518792582981986925e+02
1.810783430092193157e+03 -1.784191189613193274e+01
1.810804263533505036e+03 4.022360541999805719e+02
1.810825096974582948e+03 6.184888716359855607e+02
1.810845930415544899e+03 4.646767305807443336e+02
1.810866763856274474e+03 5.097220314767910168e+02
1.810887597296771446e+03 9.130485808544326574e+02
1.810908430737152003e+03 1.071366013010498136e+03
1.810929264177415916e+03 8.624008978182682768e+02
1.810950097617447000e+03 6.360107934444677085e+02
1.810970931057362122e+03 1.159604933162918314e+03
1.810991764497043960e+03 6.720472387229092419e+02
1.811012597936608472e+03 9.197059031899552792e+02
1.811033431375940609e+03 -2.667114362271968275e+01
1.811054264815157012e+03 7.020819624973228201e+02
1.811075098254257000e+03 3.257804791687522084e+01
1.811095931693123021e+03 2.057658500736579299e+02
1.811116765131756438e+03 -1.072117817852413282e+02
1.811137598570390992e+03 -2.771198838979471475e+02
1.811158432008675391e+03 -4.553400057774269953e+02
1.811179265446960017e+03 -5.188433313159039244e+02
1.811200098885010902e+03 -5.695867569411639124e+02
1.811220932322830549e+03 1.117902425058418885e+02
1.811241765760533553e+03 -5.273699887950206175e+02
1.811262599198119915e+03 9.230973408591235057e+02
1.811283432635472991e+03 -2.064508363327477127e+02
1.811304266072709424e+03 -1.846708232610253617e+02
1.811325099509830125e+03 2.740299805242102593e+02
1.811345932946717994e+03 6.649201874956488609e+02
1.811366766383488994e+03 -3.019115712996572256e+02
1.811387599820026935e+03 -4.048705682298168540e+02
1.811408433256448916e+03 -7.374144092041533440e+02
1.811429266692754936e+03 -2.023546817923197523e+02
1.811450100128828126e+03 1.834217437239130959e+02
1.811470933564783991e+03 1.093463665379676968e+02
1.811491767000623440e+03 -8.734625000774394721e+01
1.811512600436230969e+03 3.105352096202550456e+02
1.811533433871722082e+03 -4.851460275958525017e+02
1.811554267307096552e+03 4.081932136267423630e+02
1.811575100742237964e+03 3.959042462102370337e+02
1.811595934177262052e+03 6.038035733840661123e+02
1.811616767612170861e+03 -4.870608460973016918e+01
1.811637601046847067e+03 4.192818738409550861e+02
1.811658434481523045e+03 1.176095624827197753e+03
1.811679267915965966e+03 -1.546120158971752971e+02
1.811700101350175601e+03 2.498900825132150203e+02
1.811720934784385463e+03 -4.444612733903340995e+00
1.811741768218363404e+03 -2.244821544332662597e+02
1.811762601652224475e+03 -3.163967086714692414e+02
1.811783435085852034e+03 -1.988178505846299231e+02
1.811804268519363404e+03 -1.269054619132075459e+02
1.811825101952875457e+03 -9.696681656505679712e+02
1.811845935386154451e+03 -7.203435876083094627e+02
1.811866768819200388e+03 -1.067374077985412441e+03
1.811887602252247007e+03 -1.607169491244363599e+03
1.811908435685059430e+03 -1.139867072845692746e+03
1.811929269117756121e+03 -2.196528265923261642e+02
1.811950102550336396e+03 9.332778704201336950e+01
1.811970935982800484e+03 -5.348288952716393396e+02
1.811991769415031968e+03 -2.412160286776488647e+02
1.812012602847262997e+03 -5.255655548468930647e+02
1.812033436279260513e+03 -9.449398892582394183e+01
1.812054269711142524e+03 3.703553488074103370e+02
1.812075103142908119e+03 -7.260251135322032496e+02
1.812095936574557527e+03 -2.727013320745900273e+02
1.812116770006090519e+03 -6.648661482728784904e+02
1.812137603437389998e+03 -4.804847709685564041e+02
1.812158436868689023e+03 3.281524145809235051e+02
1.812179270299755899e+03 2.518027702136896551e+01
1.812200103730823457e+03 -8.530321252287831157e+01
1.812220937161657957e+03 -3.424792754979571328e+02
1.812241770592375588e+03 2.708866410237969831e+02
1.812262604022976575e+03 -2.377136851233663037e+02
1.812283437453577562e+03 1.028264759872225113e+03
1.812304270883945946e+03 3.991917861561523750e+02
1.812325104314198143e+03 -2.252219419432803988e+02
1.812345937744334151e+03 7.863929842878133059e+02
1.812366771174353516e+03 6.341287907550577074e+02
1.812387604604256012e+03 1.113792542030336335e+03
1.812408438034041865e+03 8.425679271178087220e+02
1.812429271463828400e+03 4.439405078904237598e+02
1.812450104893382104e+03 4.330152478528907523e+02
1.812470938322820530e+03 7.387367300172336400e+02
1.812491771656153787e+03 6.617330123680876568e+02
1.812512605181462959e+03 5.847400733201066032e+02
1.812533438610666963e+03 2.944156429773429409e+02
1.812554272039637908e+03 1.238156966913025826e+03
1.812575105468609536e+03 4.079287347187055275e+02
1.812595938897464976e+03 1.008052505376399495e+03
1.812616772326204000e+03 1.106689223666558973e+03
1.812637605754942570e+03 1.256273014908307232e+03
1.812658439183448536e+03 9.998032354237511754e+02
1.812679272611954048e+03 8.487154646621784195e+02
1.812700106040343144e+03 9.766964903253829107e+02
1.812720939468616052e+03 2.884980898118810728e+02
1.812741772896773000e+03 8.201449239727808163e+02
1.812762606324929493e+03 5.186155834178207442e+02
1.812783439752970025e+03 1.018304690040764399e+03
1.812804273180894143e+03 6.867368007957702503e+02
1.812825106608818032e+03 1.692745021632872522e+02
1.812845940036508409e+03 3.607942151866154745e+02
1.812866773464315429e+03 6.683591854738770053e+02
1.812887606891889845e+03 -1.254696217824239284e+02
1.812908440319464944e+03 -7.169087563396897167e+02
1.812929273746922945e+03 -5.066153344669146463e+02
1.812950107174381401e+03 -3.179898354071192443e+02
1.812970940601723441e+03 -6.638664058223366737e+01
1.812991774029065482e+03 4.117208284098887816e+02
1.813012607456289970e+03 -9.450354466660646722e+02
1.813033440883515141e+03 -1.113469427275471389e+03
1.813054274310623896e+03 -2.125927494262577966e+02
1.813075107737616463e+03 3.771180998093914241e+02
1.813095941164725446e+03 -2.957905058197211474e+02
1.813116774591602052e+03 4.198759515434503555e+02
1.813137608018594392e+03 -1.987271648017922416e+02
1.813158441445470999e+03 5.730835291830589995e+02
1.813179274872346014e+03 9.349685369848739356e+02
1.813200108299105523e+03 1.013102030411595479e+03
1.813220941725865487e+03 1.075586236189701594e+03
1.813241775152624996e+03 -4.289504971512360498e+02
1.813262608579268544e+03 -6.783945230465615168e+02
1.813283442006028508e+03 -9.271817869025981054e+02
1.813304275432672057e+03 2.637883018510183319e+02
1.813325108859315151e+03 -1.615023886275477707e+03
1.813345942285958472e+03 -8.466192221414530650e+02
1.813366775712485605e+03 -8.629891309614758939e+02
1.813387609139128017e+03 -1.244101763312588446e+03
1.813408442565771111e+03 -9.927389164253836498e+02
1.813429275992298017e+03 -1.238286760172457434e+03
1.813450109418941565e+03 -1.353455276240245439e+03
1.813470942845584432e+03 -1.615409526388393715e+03
1.813491776272112020e+03 -2.511657040067948401e+02
1.813512609698755114e+03 -3.958729646819410846e+02
1.813533443125515078e+03 -8.866956675838446245e+02
1.813554276552157944e+03 1.623613071907311678e+02
1.813575109978801493e+03 -3.797278732025297359e+02
1.813595943405561457e+03 -9.580020406553521752e+02
1.813616776832320966e+03 -4.154747722933534533e+02
1.813637610259196435e+03 -6.291204395914683118e+02
1.813658443686072587e+03 -2.327311955230543390e+02
1.813679277112948967e+03 2.871186492359265685e+01
1.813700110539941534e+03 -7.541890483021270484e+02
1.813720943966934101e+03 -5.075101161898346618e+02
1.813741777394042856e+03 1.494876081960974261e+02
1.813762610821268481e+03 -4.389462143861455843e+02
1.813783444248494106e+03 7.433000476617598906e+02
1.813804277675836147e+03 -1.306134564338717610e+02
1.813825111103294148e+03 7.506587150446139276e+02
1.813845944530869019e+03 -1.452426361977122724e+02
1.813866777958559851e+03 -2.732269558638799936e+02
1.813887611386250455e+03 -2.281439682649215683e+02
1.813908444814173890e+03 -6.278566447622142732e+01
1.813929278242214423e+03 -2.542298774716909975e+02
1.813950111670370916e+03 -1.011157406040118076e+03
1.813970945098644506e+03 -1.457917156938929111e+02
1.813991778527034057e+03 -1.008390197345055640e+03
1.814012611955656439e+03 -5.447340299384668469e+02
1.814033445384512561e+03 -3.627359864538302645e+02
1.814054278813368455e+03 -3.965706164455041289e+02
1.814075112242573141e+03 -5.369547375906258821e+02
1.814095945671894015e+03 -2.840429628466954455e+02
1.814116779101447491e+03 -1.535391254804562777e+01
1.814137612531234481e+03 -2.828378666203934699e+02
1.814158445961253392e+03 2.914241927021648735e+02
1.814179279391389400e+03 2.823809726798208430e+02
1.814200112821874427e+03 8.281748653936665505e+01
1.814220946252708018e+03 1.016433255280833691e+03
1.814241779683658478e+03 2.762199711946304888e+02
1.814262613114958413e+03 8.215870878989808261e+02
1.814283446546608047e+03 3.665180500112473965e+02
1.814304279978490058e+03 -1.248449377246433869e+02
1.814325113410837503e+03 -1.179573038783972152e+03
1.814345946843418005e+03 6.318259513296652585e+01
1.814366780276347981e+03 -4.811354118101298809e+02
1.814387613709743391e+03 -1.327095627923845313e+03
1.814408447143488047e+03 -8.767781252141576260e+02
1.814429280577582404e+03 -7.400248843386070803e+02
1.814450114012141967e+03 -3.836348621264332905e+02
1.814470947447166964e+03 1.263010482634417713e+02
1.814491780882658077e+03 -4.023534976100781932e+02
1.814512614318731039e+03 -5.004877662478247657e+02
1.814533447755153475e+03 -3.024783027805387974e+02
1.814554281192157987e+03 -3.188735191014129668e+02
1.814575114629860991e+03 -9.676085136411711574e+01
1.814595948068029429e+03 -3.974984423018759117e+02
1.814616781506779489e+03 -2.190379440176766366e+02
1.814637614946228950e+03 -4.916046726775821298e+02
1.814658448386260034e+03 -2.914282998170237988e+02
1.814679281826989609e+03 -2.882920745970914140e+02
1.814700115268533864e+03 -3.682052087822230533e+02
1.814720948710777520e+03 6.996908233141293749e+02
1.814741782153718987e+03 -1.263308387079858221e+03
1.814762615597592003e+03 -8.429354252580087632e+02
1.814783449042279472e+03 -1.487712153229047544e+03
1.814804282487898490e+03 -1.080827346271718852e+03
1.814825115934332416e+03 1.043603571942076087e+02
1.814845949381814080e+03 -3.874968971869675443e+02
1.814866782830342572e+03 9.499467613046290353e+02
1.814887616279803524e+03 8.463428871430223808e+02
1.814908449730427947e+03 -1.373778286230168305e+03
1.814929283182217432e+03 -3.024338721574749798e+02
1.814950116635054428e+03 -7.766867611813358963e+01
1.814970950089171993e+03 -1.358853434452787042e+03
1.814991783544569444e+03 -1.165286029977141879e+03
1.815012617001131957e+03 5.163237619554856792e+02
