3.636276151193564601e+03 2.715374243088299409e+02
3.636296984526898086e+03 -4.644316196955041960e+02
3.636317817860231571e+03 2.154070488589350134e+02
3.636338651193564601e+03 -2.753038407299900427e+02
3.636359484526898086e+03 -4.168530079805059358e+02
3.636380317860231571e+03 4.069272217993857339e+02
3.636401151193564601e+03 -4.141485447547165677e+02
3.636421984526898086e+03 -1.495639111357741058e+01
3.636442817860231571e+03 -1.413815442670136690e+03
3.636463651193564601e+03 -1.011894322175183333e+03
3.636484484526898086e+03 -6.540120238170493394e+01
3.636505317860231571e+03 -3.113840163910062984e+02
3.636526151193564601e+03 -1.072307197385234758e+03
3.636546984526898086e+03 -6.433903804821893573e+02
3.636567817860231571e+03 -1.587817188462940976e+02
3.636588651193564601e+03 -3.607811221298761666e+02
3.636609484526898086e+03 6.400606219191104174e+00
3.636630317860231571e+03 -6.576665897022467107e+02
3.636651151193564601e+03 1.196386774833081290e+02
3.636671984526898086e+03 2.124266392462886870e+02
3.636692817860231571e+03 3.306501561847981066e+02
3.636713651193564601e+03 5.831631397232413292e+02
3.636734484526898086e+03 2.126549182456219569e+02
3.636755317860231571e+03 2.911643051852006465e+02
3.636776151193564601e+03 -8.823979241936467588e+01
3.636796984526898086e+03 9.174088698788546026e+01
3.636817817860231571e+03 7.158980701956897974e+01
3.636838651193564601e+03 -8.696286572435637936e+02
3.636859484526898086e+03 -4.528573836083523929e+00
3.636880317860231571e+03 -8.626945302957901731e+02
3.636901151193564601e+03 -9.977241508550941944e+02
3.636921984526898086e+03 -1.770266190338879824e+02
3.636942817860231571e+03 -4.923495981567539275e+02
3.636963651193564601e+03 5.993796882113674656e+02
3.636984484526898086e+03 -1.791659386516548693e+02
3.637005317860231571e+03 9.212534422005992383e+02
3.637026151193564601e+03 -2.635833757489454001e+02
3.637046984526898086e+03 5.652474270402453840e+02
3.637067817860231571e+03 1.916512226904742420e+02
3.637088651193564601e+03 4.935592626802390441e+02
3.637109484526898086e+03 5.948011399449314922e+02
3.637130317860231571e+03 3.999938451581401750e+02
3.637151151193564601e+03 5.616247932934202254e+02
3.637171984526898086e+03 -8.909207087126560509e+01
3.637192817860231571e+03 5.738687767123337835e+01
3.637213651193564601e+03 -9.334437698607798666e+02
3.637234484526898086e+03 -6.016344037698581815e+01
3.637255317860231571e+03 1.610355324703268707e+02
3.637276151193564601e+03 2.027323077145265415e+02
3.637296984526898086e+03 3.531078825222793967e+02
3.637317817860231571e+03 2.504594685393385589e+00
3.637338651193564601e+03 -5.482662323942640796e+02
3.637359484526898086e+03 -3.344214457735652104e+02
3.637380317860231571e+03 2.872279437840916216e+00
3.637401151193564601e+03 9.810063778853509575e+01
3.637421984526898086e+03 -5.609251550603657961e+02
3.637442817860231571e+03 2.843694646187359467e+02
3.637463651193564601e+03 3.606092855648603290e+02
3.637484484526898086e+03 8.305867417377885431e+01
3.637505317860231571e+03 -9.906244001840241253e+01
3.637526151193564601e+03 2.317554639623267576e+02
3.637546984526898086e+03 -4.783271106302272528e+02
3.637567817860231571e+03 2.852149514494230971e+02
3.637588651193564601e+03 -2.817392664585495368e+02
3.637609484526898086e+03 -1.427094741787295789e+03
3.637630317860231571e+03 -1.976043450075667351e+02
3.637651151193564601e+03 -9.297550210749031976e+02
3.637671984526898086e+03 -3.771150834661675617e+02
3.637692817860231571e+03 -9.316332159527810290e+02
3.637713651193564601e+03 6.104440020837355405e+02
3.637734484526898086e+03 -2.203492195948492736e+02
3.637755317860231571e+03 1.064331870598369278e+03
3.637776151193564601e+03 -7.430244370300788432e+02
3.637796984526898086e+03 2.219735322287306190e+01
3.637817817860231571e+03 1.119078534420114011e+03
3.637838651193564601e+03 5.839898815875640139e+02
3.637859484526898086e+03 6.607904036751715466e+02
3.637880317860231571e+03 1.289251732587581500e+03
3.637901151193564601e+03 2.956979950952809304e+02
3.637921984526898086e+03 1.640930652907001786e+03
3.637942817860231571e+03 5.402437355299480259e+02
3.637963651193564601e+03 3.401224437222117558e+02
3.637984484526898086e+03 -3.014263669027714059e+02
3.638005317860231571e+03 -4.244473900832235813e+01
3.638026151193564601e+03 1.901365347554674372e+02
3.638046984526898086e+03 -4.178854891491355374e+02
3.638067817860231571e+03 -5.613202775142854080e+02
3.638088651193564601e+03 -6.648042678087949753e+02
3.638109484526898086e+03 -3.414614673577016219e+02
3.638130317860231571e+03 -1.351846675589331426e+03
3.638151151193564601e+03 -4.688723685003351420e+02
3.638171984526898086e+03 -3.042937398701906204e+02
3.638192817860231571e+03 4.762031968877417967e+02
3.638213651193564601e+03 7.850431626965291798e+02
3.638234484526898086e+03 -5.004903419475303963e+02
3.638255317860231571e+03 1.376417830026475713e+02
3.638276151193564601e+03 3.454083248863462359e+02
3.638296984526898086e+03 3.722358587200287730e+02
3.638317817860231571e+03 -8.729200450074858963e+01
3.638338651193564601e+03 7.303445285490015522e+02
3.638359484526898086e+03 6.367036752899875864e+02
3.638380317860231571e+03 -3.528494351272238418e+02
3.638401151193564601e+03 7.091553347794106230e+02
3.638421984526898086e+03 -1.534836264664772898e+01
3.638442817860231571e+03 4.677541639230912551e+02
3.638463651193564601e+03 3.252819303834112361e+02
3.638484484526898086e+03 1.483795109457918443e+03
3.638505317860231571e+03 8.222330735046416521e+02
3.638526151193564601e+03 5.964454443954164162e+02
3.638546984526898086e+03 3.205744327973807231e+02
3.638567817860231571e+03 7.968164116748375818e+02
3.638588651193564601e+03 5.910292181242257357e+02
3.638609484526898086e+03 3.826224352848948911e+02
3.638630317860231571e+03 4.270386540342587978e+02
3.638651151193564601e+03 -1.121699162102304399e+02
3.638671984526898086e+03 -9.763201493625529110e+02
3.638692817860231571e+03 -1.253181909510400146e+03
3.638713651193564601e+03 3.633480831534834579e+02
3.638734484526898086e+03 -3.027466550283133984e+01
3.638755317860231571e+03 7.309322684929938987e+02
3.638776151193564601e+03 2.385976435662014410e+02
3.638796984526898086e+03 -6.300436577090295032e+02
3.638817817860231571e+03 3.409177756761200726e+02
3.638838651193564601e+03 -3.431876103363465518e+02
3.638859484526898086e+03 -5.803500811075791717e+02
3.638880317860231571e+03 1.307189161522546783e+02
3.638901151193564601e+03 -4.048302516262046993e+02
3.638921984526898086e+03 -5.370046427495544776e+02
3.638942817860231571e+03 -1.321571934844134375e+03
3.638963651193564601e+03 -9.086970386854372919e+02
3.638984484526898086e+03 -8.703815706495661288e+02
3.639005317860231571e+03 -8.053237481372198090e+02
3.639026151193564601e+03 -7.319580033854581416e+02
3.639046984526898086e+03 -4.408740374326007441e+02
3.639067817860231571e+03 -1.208585112516302615e+02
3.639088651193564601e+03 -2.191729783406481147e+01
3.639109484526898086e+03 -3.570301055407617241e+01
3.639130317860231571e+03 2.090937837401870638e+02
3.639151151193564601e+03 -3.156511447079246864e+02
3.639171984526898086e+03 5.211547452644445002e+02
3.639192817860231571e+03 7.478309540326008573e+02
3.639213651193564601e+03 1.027456152607803233e+03
3.639234484526898086e+03 -6.734130132725695148e+02
3.639255317860231571e+03 6.653594312416389585e+02
3.639276151193564601e+03 3.137447524067247286e+02
3.639296984526898086e+03 -2.074726021079113707e+02
3.639317817860231571e+03 9.972811553080100566e+02
3.639338651193564601e+03 9.936535607045516372e+01
3.639359484526898086e+03 -3.969491409612819552e+02
3.639380317860231571e+03 3.210777766499668360e+02
3.639401151193564601e+03 4.782846042937599123e+02
3.639421984526898086e+03 1.166474480667267926e+03
3.639442817860231571e+03 -6.529341393370414153e+02
3.639463651193564601e+03 4.590126679167151451e+02
3.639484484526898086e+03 1.785468489683698863e+02
3.639505317860231571e+03 1.087102714366279542e+03
3.639526151193564601e+03 4.281136086565675214e+02
3.639546984526898086e+03 9.313720821936149150e+02
3.639567817860231571e+03 2.364103040326153859e+02
3.639588651193564601e+03 -1.150233251904137433e+01
3.639609484526898086e+03 2.901442454475909472e+01
3.639630317860231571e+03 1.698989670887822285e+02
3.639651151193564601e+03 -3.498454692356754094e+02
3.639671984526898086e+03 -5.020698938420973718e+02
3.639692817860231571e+03 -4.763610048550181091e+02
3.639713651193564601e+03 -5.342825044330675155e+02
3.639734484526898086e+03 -3.491053046440938488e+02
3.639755317860231571e+03 2.069109501639613882e+02
3.639776151193564601e+03 -4.267057423448422924e+02
3.639796984526898086e+03 4.120976551652420312e+02
3.639817817860231571e+03 -8.904794991840608418e+02
3.639838651193564601e+03 -5.197633738055592403e+02
3.639859484526898086e+03 -4.854322636369615793e+02
3.639880317860231571e+03 -9.078069772492162883e+02
3.639901151193564601e+03 -4.501067362726898864e+02
3.639921984526898086e+03 -7.257933613884961233e+02
3.639942817860231571e+03 4.811233920191880316e+02
3.639963651193564601e+03 -1.337972108874237165e+02
3.639984484526898086e+03 -2.079350084769539535e+02
3.640005317860231571e+03 -6.915487676172051579e+02
3.640026151193564601e+03 1.878459579864284024e+02
3.640046984526898086e+03 2.624190399439539760e+02
3.640067817860231571e+03 4.717205781594384462e+02
3.640088651193564601e+03 8.305952847271692008e+01
3.640109484526898086e+03 3.344087713235057890e+02
3.640130317860231571e+03 -3.310414457014994696e+02
3.640151151193564601e+03 8.696588083599926904e+02
3.640171984526898086e+03 -9.409854556646896526e+02
3.640192817860231571e+03 -9.246067794478731230e+02
3.640213651193564601e+03 -1.555076525876647793e+03
3.640234484526898086e+03 -8.824941751705482602e+02
3.640255317860231571e+03 -4.751684848937438801e+02
3.640276151193564601e+03 -1.461474644600762986e+03
3.640296984526898086e+03 -6.750263775684870780e+02
3.640317817860231571e+03 -5.139737437817966565e+02
3.640338651193564601e+03 -1.904387849487829953e+02
3.640359484526898086e+03 -4.105364535265835002e+02
3.640380317860231571e+03 9.086448589167557657e+02
3.640401151193564601e+03 -6.984752254060003906e+01
3.640421984526898086e+03 -3.019332162356004119e+02
3.640442817860231571e+03 2.579719883193029091e+02
3.640463651193564601e+03 5.655820601241430268e+02
3.640484484526898086e+03 6.030320903381798416e+02
3.640505317860231571e+03 -2.808301642352016643e+02
3.640526151193564601e+03 1.864028886356391013e+01
3.640546984526898086e+03 1.562376725528156385e+02
3.640567817860231571e+03 -4.011932353088632226e+02
3.640588651193564601e+03 3.506117273356067017e+02
3.640609484526898086e+03 -1.914721825462765992e+02
3.640630317860231571e+03 -5.342541366403456777e+02
3.640651151193564601e+03 -5.075744737032800913e+02
3.640671984526898086e+03 -8.784944074880331755e+02
3.640692817860231571e+03 -1.170662002718192525e+03
3.640713651193564601e+03 -6.646435933475149795e+02
3.640734484526898086e+03 -6.343887415168574080e+02
3.640755317860231571e+03 -8.928638502391986549e+02
3.640776151193564601e+03 -4.611921209543943405e+02
3.640796984526898086e+03 -4.017306406351272017e+02
3.640817817860231571e+03 -1.187380057564005256e+02
3.640838651193564601e+03 -8.345026301675243303e+02
3.640859484526898086e+03 -6.804653782558161765e+02
3.640880317860231571e+03 -2.586237277761101723e+02
3.640901151193564601e+03 -9.743664324333658442e+02
3.640921984526898086e+03 4.033595061316154897e+02
3.640942817860231571e+03 2.254349579684203491e+02
3.640963651193564601e+03 -5.474588233436224982e+02
3.640984484526898086e+03 4.077878942518727854e+02
3.641005317860231571e+03 -1.170636703206691891e+02
3.641026151193564601e+03 -1.319017294651363045e+03
3.641046984526898086e+03 -5.033980146159883589e+02
3.641067817860231571e+03 -1.101129804095835425e+03
3.641088651193564601e+03 1.367176870688563213e+02
3.641109484526898086e+03 -4.221158338580280542e+02
3.641130317860231571e+03 -1.364486536689102650e+03
3.641151151193564601e+03 -1.393231742927688174e+03
3.641171984526898086e+03 -1.615880387058481574e+03
3.641192817860231571e+03 -1.550664186284760945e+03
3.641213651193564601e+03 -5.803428405734011903e+02
3.641234484526898086e+03 -1.787403148353332654e+03
3.641255317860231571e+03 -3.829348087360849604e+02
3.641276151193564601e+03 -3.271614766630809754e+02
3.641296984526898086e+03 -9.076922490032156929e+02
3.641317817860231571e+03 -2.170196585556259379e+02
3.641338651193564601e+03 6.286342311988119036e+02
3.641359484526898086e+03 -2.067484073514351621e+02
3.641380317860231571e+03 7.532420329409651458e+02
3.641401151193564601e+03 4.161647931287297979e+02
3.641421984526898086e+03 -8.554068907912587747e+02
3.641442817860231571e+03 -3.068036003225715831e+02
3.641463651193564601e+03 -6.933551399296848103e+02
3.641484484526898086e+03 nan
3.641505317860231571e+03 6.511109348013997078e+01
3.641526151193564601e+03 8.890334452273091301e+02
3.641546984526898086e+03 -1.261230394315556623e+03
3.641567817860231571e+03 -2.130865468673873693e+02
3.641588651193564601e+03 2.002266388202551752e+02
3.641609484526898086e+03 -1.729665292129036970e+03
3.641630317860231571e+03 -8.828105330212274566e+02
3.641651151193564601e+03 9.875606164868222550e+02
3.641671984526898086e+03 -3.875421458270866424e+02
3.641692817860231571e+03 4.429501765806926414e+02
3.641713651193564601e+03 3.619449825210380368e+03
3.641734484526898086e+03 nan
3.641755317860231571e+03 nan
3.641776151193564601e+03 nan
3.641796984526898086e+03 1.219794705673819408e+03
3.641817817860231571e+03 nan
3.641838651193564601e+03 nan
3.641859484526898086e+03 nan
3.641880317860231571e+03 nan
3.641901151193564601e+03 1.131767656773095950e+03
3.641921984526898086e+03 -4.101302626577671617e+01
3.641942817860231571e+03 nan
3.641963651193564601e+03 -2.406082588278921321e+03
3.641984484526898086e+03 nan
3.642005317860231571e+03 nan
3.642026151193564601e+03 nan
3.642046984526898086e+03 4.249092416540952399e+02
3.642067817860231571e+03 nan
3.642088651193564601e+03 nan
3.642109484526898086e+03 1.927728344948613085e+03
3.642130317860231571e+03 nan
3.642151151193564601e+03 nan
3.642171984526898086e+03 nan
3.642192817860231571e+03 nan
3.642213651193564601e+03 1.855382833464536816e+02
3.642234484526898086e+03 4.779003110717749223e+02
3.642255317860231571e+03 nan
3.642276151193564601e+03 nan
3.642296984526898086e+03 nan
3.642317817860231571e+03 nan
3.642338651193564601e+03 nan
3.642359484526898086e+03 nan
3.642380317860231571e+03 5.125632339064031839e+01
3.642401151193564601e+03 nan
3.642421984526898086e+03 1.203107522619888186e+03
3.642442817860231571e+03 nan
3.642463651193564601e+03 nan
3.642484484526898086e+03 nan
3.642505317860231571e+03 7.695206773385871202e+01
3.642526151193564601e+03 -1.720696171282907017e+03
3.642546984526898086e+03 -1.534624860807554796e+03
3.642567817860231571e+03 5.305355717927450314e+02
3.642588651193564601e+03 nan
3.642609484526898086e+03 nan
3.642630317860231571e+03 nan
3.642651151193564601e+03 nan
3.642671984526898086e+03 nan
3.642692817860231571e+03 -2.578036495959153399e+03
3.642713651193564601e+03 nan
3.642734484526898086e+03 nan
3.642755317860231571e+03 nan
3.642776151193564601e+03 nan
3.642796984526898086e+03 nan
3.642817817860231571e+03 nan
3.642838651193564601e+03 nan
3.642859484526898086e+03 nan
3.642880317860231571e+03 nan
3.642901151193564601e+03 nan
3.642921984526898086e+03 nan
3.642942817860231571e+03 nan
3.642963651193564601e+03 nan
3.642984484526898086e+03 1.905294038758147508e+02
3.643005317860231571e+03 8.647346423554699868e+01
3.643026151193564601e+03 8.859221878682728857e+02
3.643046984526898086e+03 5.850350171072641388e+02
3.643067817860231571e+03 5.426382471688557416e+02
3.643088651193564601e+03 -4.547410782969091088e+02
3.643109484526898086e+03 7.074603210983332247e+02
3.643130317860231571e+03 7.217029669777257368e+02
3.643151151193564601e+03 7.936422689391765743e+02
3.643171984526898086e+03 6.649398458828218281e+02
3.643192817860231571e+03 4.735079121205490083e+01
3.643213651193564601e+03 9.002285148770315573e+02
3.643234484526898086e+03 8.025743761296616867e+02
3.643255317860231571e+03 5.267255715208593756e+02
3.643276151193564601e+03 7.054617625124519691e+02
3.643296984526898086e+03 9.444472924948204309e+02
3.643317817860231571e+03 9.044999050270998850e+02
3.643338651193564601e+03 9.149078229642473161e+02
3.643359484526898086e+03 6.630154391067335382e+02
3.643380317860231571e+03 9.116705200313590467e+02
3.643401151193564601e+03 4.694997436910634860e+02
3.643421984526898086e+03 2.030800705810543150e+02
3.643442817860231571e+03 3.511212515507359058e+02
3.643463651193564601e+03 1.948533079359913245e+02
3.643484484526898086e+03 2.441633617614861578e+02
3.643505317860231571e+03 4.553400080282008275e+02
3.643526151193564601e+03 2.092466506483033299e+02
3.643546984526898086e+03 5.171806963309645653e+02
3.643567817860231571e+03 6.643966312939301133e+01
3.643588651193564601e+03 6.392412061999784783e+02
3.643609484526898086e+03 5.620649918891722336e+02
3.643630317860231571e+03 4.484981361554237083e+02
3.643651151193564601e+03 5.546427767135901377e+02
3.643671984526898086e+03 1.103928688028827310e+01
3.643692817860231571e+03 1.372020439906045794e+02
3.643713651193564601e+03 2.448177075514104217e+02
3.643734484526898086e+03 6.512035443758359179e+02
3.643755317860231571e+03 1.161917984458850697e+02
3.643776151193564601e+03 9.957571025032084435e+02
3.643796984526898086e+03 7.044656782549573109e+02
3.643817817860231571e+03 3.203260743215214461e+02
3.643838651193564601e+03 7.807566862086532637e+02
3.643859484526898086e+03 1.606204510415205732e+03
3.643880317860231571e+03 6.292524476685794070e+02
3.643901151193564601e+03 4.980566857531666756e+02
3.643921984526898086e+03 1.042706360258045606e+03
3.643942817860231571e+03 1.630034760629059747e+02
3.643963651193564601e+03 9.723627670516725630e+01
3.643984484526898086e+03 -3.530131925904424861e+02
3.644005317860231571e+03 -3.559295851988717914e+02
3.644026151193564601e+03 -1.720432524213101715e+02
3.644046984526898086e+03 -1.093043327475897968e+02
3.644067817860231571e+03 3.811485214310232550e+02
3.644088651193564601e+03 6.021723273195093498e+02
3.644109484526898086e+03 -3.909818691096734256e+01
3.644130317860231571e+03 6.234153483548434451e+02
3.644151151193564601e+03 1.887136918479809538e+02
3.644171984526898086e+03 5.882267823077272624e+02
3.644192817860231571e+03 3.002706309545319527e+02
3.644213651193564601e+03 3.296988329432206228e+02
3.644234484526898086e+03 9.551825276014860719e+02
3.644255317860231571e+03 1.029132057864917442e+02
3.644276151193564601e+03 -3.474715549544198439e+02
3.644296984526898086e+03 4.494237723174737766e+02
3.644317817860231571e+03 -1.477625246816314757e+02
3.644338651193564601e+03 -8.202257286775857210e+02
3.644359484526898086e+03 9.336641925713047385e+01
3.644380317860231571e+03 -1.851029056600527838e+02
3.644401151193564601e+03 2.389198408776428550e+02
3.644421984526898086e+03 -5.272065059537999332e+01
3.644442817860231571e+03 9.614543149084784091e+01
3.644463651193564601e+03 -2.085703419502824545e+02
3.644484484526898086e+03 -1.972983537022955716e+02
3.644505317860231571e+03 1.353137798502575606e+01
3.644526151193564601e+03 -3.077734072809107602e+00
3.644546984526898086e+03 4.662886152626015246e+02
3.644567817860231571e+03 4.842565539320930839e+02
3.644588651193564601e+03 1.159264060630230233e+02
3.644609484526898086e+03 -2.570720990238478407e+02
3.644630317860231571e+03 8.358723110120045021e+02
3.644651151193564601e+03 5.105110833845101297e+02
3.644671984526898086e+03 -3.406549051590263844e+01
3.644692817860231571e+03 9.484084765199804679e+02
3.644713651193564601e+03 7.701376187254209071e+02
3.644734484526898086e+03 4.284646502346731722e+01
3.644755317860231571e+03 -5.831425098131876439e+02
3.644776151193564601e+03 -8.731664296683156863e+02
3.644796984526898086e+03 2.953254390473011881e+01
3.644817817860231571e+03 -6.353383809096412733e+02
3.644838651193564601e+03 -7.330399924389785156e+02
3.644859484526898086e+03 -8.259781370887067169e+02
3.644880317860231571e+03 -4.731520724212750793e+02
3.644901151193564601e+03 2.727952045678393915e+02
3.644921984526898086e+03 1.345126610343577340e+02
3.644942817860231571e+03 -6.039440795616246760e+01
3.644963651193564601e+03 8.379698680123547092e+02
3.644984484526898086e+03 8.384936282578855753e+02
3.645005317860231571e+03 -2.734047976599540561e+02
3.645026151193564601e+03 -2.979434992151800543e+01
3.645046984526898086e+03 9.744911544453352690e+02
3.645067817860231571e+03 -3.558400089724455029e+01
3.645088651193564601e+03 -8.888715221895836294e+00
3.645109484526898086e+03 -3.168863144696224481e+02
3.645130317860231571e+03 3.316175647283671424e+02
3.645151151193564601e+03 2.173903234120225534e+02
3.645171984526898086e+03 -8.966182625596411526e+01
3.645192817860231571e+03 3.534912950483849272e+02
3.645213651193564601e+03 -3.046902945870533586e+01
3.645234484526898086e+03 2.943571831575827673e+02
3.645255317860231571e+03 8.026342488126829267e+00
3.645276151193564601e+03 1.088030627586413175e+02
3.645296984526898086e+03 6.776248429031111300e+02
3.645317817860231571e+03 6.948679902995936573e+02
3.645338651193564601e+03 4.940559311696561053e+02
3.645359484526898086e+03 1.352718339389539324e+03
3.645380317860231571e+03 -1.634208805982489139e+02
3.645401151193564601e+03 -4.464262688986491412e+01
3.645421984526898086e+03 -5.545233406134648249e+02
3.645442817860231571e+03 -3.088694739094935358e+02
3.645463651193564601e+03 -3.519583837012760341e+00
3.645484484526898086e+03 -1.709700868313666433e+02
3.645505317860231571e+03 -4.143054721064399928e+02
3.645526151193564601e+03 -3.039863750807708129e+02
3.645546984526898086e+03 -6.039681984169874340e+02
3.645567817860231571e+03 -2.742542812247993425e+02
3.645588651193564601e+03 -3.371776176951825619e+02
3.645609484526898086e+03 -4.725623621590202674e+02
3.645630317860231571e+03 5.421283064258750528e+01
3.645651151193564601e+03 -3.647494419133290648e+02
3.645671984526898086e+03 7.896709680464118719e+01
3.645692817860231571e+03 7.259199380995705724e+02
3.645713651193564601e+03 1.115381701465230435e+01
3.645734484526898086e+03 6.126639517082367092e+01
3.645755317860231571e+03 4.399500932246446609e+02
3.645776151193564601e+03 1.118422757126390934e+02
3.645796984526898086e+03 -3.721247077730949968e+02
3.645817817860231571e+03 9.190267232013866305e+01
3.645838651193564601e+03 1.650560366529971361e+02
3.645859484526898086e+03 1.946635446297004819e+02
3.645880317860231571e+03 9.184123689763946459e+02
3.645901151193564601e+03 5.353818442259216681e+02
3.645921984526898086e+03 2.393095298497937620e+02
3.645942817860231571e+03 3.532471328524406999e+02
3.645963651193564601e+03 6.107679275623522699e+02
3.645984484526898086e+03 6.535673815218033269e+02
3.646005317860231571e+03 6.542625873669749126e+02
3.646026151193564601e+03 -1.285705989429261535e+02
3.646046984526898086e+03 -7.288388835312798619e+01
3.646067817860231571e+03 2.362505496395751834e+02
3.646088651193564601e+03 -1.711909598351921886e+02
3.646109484526898086e+03 3.661718884451547638e+02
3.646130317860231571e+03 -5.675228453649906442e+02
3.646151151193564601e+03 4.135319748991169035e+02
3.646171984526898086e+03 4.756162756134290248e+01
3.646192817860231571e+03 -1.514028173363767564e+02
3.646213651193564601e+03 -4.356365640403237194e+01
3.646234484526898086e+03 -7.850660946452990174e+00
3.646255317860231571e+03 5.525785636273212731e+02
3.646276151193564601e+03 2.228701855579856783e+01
3.646296984526898086e+03 8.907354940880322829e+02
3.646317817860231571e+03 3.649616871395846829e+02
3.646338651193564601e+03 8.613860536250285804e+00
3.646359484526898086e+03 4.216129306585062295e+02
3.646380317860231571e+03 2.570799405038123950e+02
3.646401151193564601e+03 -2.891089047712739557e+01
3.646421984526898086e+03 1.801010034386999905e+02
3.646442817860231571e+03 -3.485767007599351928e+02
3.646463651193564601e+03 1.677645370410755277e+01
3.646484484526898086e+03 1.271266380304004997e+02
3.646505317860231571e+03 -7.197138028860790655e+02
3.646526151193564601e+03 6.290447146398946643e+00
3.646546984526898086e+03 -5.306656786755193025e+02
3.646567817860231571e+03 -6.193406695243902504e+01
3.646588651193564601e+03 1.671246502817375585e+02
3.646609484526898086e+03 -7.845335355193819851e+02
3.646630317860231571e+03 -5.950537450404372066e+02
3.646651151193564601e+03 1.881453013028949499e+02
3.646671984526898086e+03 1.941783618790796027e+02
3.646692817860231571e+03 1.531937703274306841e+03
3.646713651193564601e+03 -1.326532498631859198e+02
3.646734484526898086e+03 6.742933282691519707e+02
3.646755317860231571e+03 -5.425300418050028384e+00
3.646776151193564601e+03 -2.000928876583930105e+01
3.646796984526898086e+03 3.701655785266775638e+02
3.646817817860231571e+03 1.077052120363805443e+01
3.646838651193564601e+03 -7.752952346531674266e+01
3.646859484526898086e+03 -1.476375356187345460e+02
3.646880317860231571e+03 -8.856025235814740881e+02
3.646901151193564601e+03 2.740611989663448185e+02
3.646921984526898086e+03 -3.061638036549557000e+02
3.646942817860231571e+03 -3.910869128750637174e+02
3.646963651193564601e+03 -9.329097730629146099e+02
3.646984484526898086e+03 -2.919550314705120400e+02
3.647005317860231571e+03 5.455641434340504929e+02
3.647026151193564601e+03 -2.519074661240447313e+02
3.647046984526898086e+03 -4.355622862245654687e+02
3.647067817860231571e+03 -5.879595920162973925e+02
3.647088651193564601e+03 -2.796124452431686223e+02
3.647109484526898086e+03 -5.972273066173074767e+02
3.647130317860231571e+03 -2.536696350947022438e+02
3.647151151193564601e+03 -7.174142931083915755e+02
3.647171984526898086e+03 -8.021847029413329437e+02
3.647192817860231571e+03 -7.931173144225031137e+02
3.647213651193564601e+03 -2.046190460154321045e+01
3.647234484526898086e+03 1.742091065436834469e+02
3.647255317860231571e+03 -2.853323836382478476e+02
3.647276151193564601e+03 4.640121873399475589e+02
3.647296984526898086e+03 -3.652444636968430132e+02
3.647317817860231571e+03 -6.305881091845221817e+02
3.647338651193564601e+03 -5.209355976374354213e+02
3.647359484526898086e+03 -7.370168752779718488e+02
3.647380317860231571e+03 -1.228034291210118681e+03
3.647401151193564601e+03 4.516632981039583683e+01
3.647421984526898086e+03 -6.689935224254149944e+02
3.647442817860231571e+03 -1.105900527765043080e+02
3.647463651193564601e+03 -9.985541786213871092e+02
3.647484484526898086e+03 -1.880039155181730166e+02
3.647505317860231571e+03 1.005806168771814555e+02
3.647526151193564601e+03 3.244330542174866423e+02
3.647546984526898086e+03 5.100270418020663783e+02
3.647567817860231571e+03 9.248483000776031986e+02
3.647588651193564601e+03 6.150554534939583391e+02
3.647609484526898086e+03 6.484022833720082417e+02
3.647630317860231571e+03 5.119361338483868167e+02
3.647651151193564601e+03 1.496429393069120124e+02
3.647671984526898086e+03 3.010984724365407601e+02
3.647692817860231571e+03 9.189855398749932647e+01
3.647713651193564601e+03 3.484414179230807349e+02
3.647734484526898086e+03 8.176897262991406024e+01
3.647755317860231571e+03 -6.552156133851967752e+02
3.647776151193564601e+03 7.871097294031642377e+00
3.647796984526898086e+03 -5.005263191577978432e+02
3.647817817860231571e+03 5.157589422875316814e+02
3.647838651193564601e+03 1.250887161742430180e+02
3.647859484526898086e+03 9.263049921579658985e+01
3.647880317860231571e+03 2.400903063536388800e+02
3.647901151193564601e+03 7.120172367778141052e+02
3.647921984526898086e+03 7.856376987395342439e+02
3.647942817860231571e+03 3.066039381243754178e+02
3.647963651193564601e+03 9.210974977281875908e+02
3.647984484526898086e+03 6.016391239820513874e+02
3.648005317860231571e+03 6.563400110390502959e+02
3.648026151193564601e+03 1.706685517716687173e+02
3.648046984526898086e+03 3.911907770729158074e+01
3.648067817860231571e+03 6.421122369973454624e+02
3.648088651193564601e+03 -3.277125219231238589e+02
3.648109484526898086e+03 1.349896341316634789e+02
3.648130317860231571e+03 3.813035676327999681e+02
3.648151151193564601e+03 4.224221944075543433e+01
3.648171984526898086e+03 2.813639698437182233e+02
3.648192817860231571e+03 1.222230827372986823e+02
3.648213651193564601e+03 -1.464429349210113287e+02
3.648234484526898086e+03 8.711557936313329265e+02
3.648255317860231571e+03 3.855008733179420233e+02
3.648276151193564601e+03 2.261528386090649292e+02
3.648296984526898086e+03 4.791485788754653186e+01
3.648317817860231571e+03 4.673906043668976054e+02
3.648338651193564601e+03 1.405771471785847098e+02
3.648359484526898086e+03 -2.365188215752132237e+02
3.648380317860231571e+03 3.865064358807867393e+02
3.648401151193564601e+03 1.090161525754607283e+03
3.648421984526898086e+03 3.198819464817643166e+01
3.648442817860231571e+03 -4.034274782577995211e+01
3.648463651193564601e+03 2.747714290973963216e+02
3.648484484526898086e+03 -5.557693982559721917e+02
3.648505317860231571e+03 -7.608105537389637902e+02
3.648526151193564601e+03 -7.281817240222590044e+02
3.648546984526898086e+03 -1.215884566353983246e+03
3.648567817860231571e+03 -1.370389825876569375e+03
3.648588651193565056e+03 -8.588466879620682448e+02
3.648609484526898086e+03 -8.330252304760506377e+02
3.648630317860231571e+03 -8.081860507514793426e+02
3.648651151193565056e+03 -6.310430162292905152e+02
3.648671984526898086e+03 -1.238104421269032173e+03
3.648692817860231571e+03 -6.251609494099393487e+02
3.648713651193565056e+03 -1.150894432675908320e+03
3.648734484526898086e+03 -3.580948888703715056e+02
3.648755317860231571e+03 -1.404559997031348757e+03
3.648776151193565056e+03 -8.636576065779663622e+02
3.648796984526898086e+03 -5.971966910409973934e+02
3.648817817860231571e+03 -7.236794642083114013e+02
3.648838651193565056e+03 -8.599609963450348005e+02
3.648859484526898086e+03 -8.220847761919721961e+02
3.648880317860231571e+03 -9.614413861496141180e+02
3.648901151193565056e+03 -7.413564806655049324e+02
3.648921984526898086e+03 3.509953591354424134e+02
3.648942817860231571e+03 3.678940624813549221e+01
3.648963651193565056e+03 -1.339037599212024361e+02
3.648984484526898086e+03 -6.845966606856090948e+02
3.649005317860231571e+03 3.311817757765529677e+02
3.649026151193565056e+03 4.426203468628227711e+02
3.649046984526898086e+03 -3.284240526616340503e+02
3.649067817860231571e+03 -6.235174418744863942e+02
3.649088651193565056e+03 -1.154118748916080222e+02
3.649109484526898086e+03 -8.002052698296029121e+02
3.649130317860231571e+03 -5.304792057292070240e+01
3.649151151193565056e+03 -1.195286998350522481e+03
3.649171984526898086e+03 -9.513045899559510872e+02
3.649192817860231571e+03 -8.598848666847916320e+02
3.649213651193565056e+03 -1.384406842720694840e+03
3.649234484526898086e+03 -8.660432256333297119e+02
3.649255317860231571e+03 -1.539781722053885460e+03
3.649276151193565056e+03 -1.898129521760740317e+03
3.649296984526898086e+03 -1.199153081201133318e+03
3.649317817860231571e+03 9.960360312112607062e+01
3.649338651193565056e+03 -8.810319439170416445e+02
3.649359484526898086e+03 -6.026214940448990092e+02
3.649380317860231571e+03 -4.295958437938243151e+02
3.649401151193565056e+03 -7.982441390517633408e+02
3.649421984526898086e+03 -1.301679052512976341e+03
3.649442817860231571e+03 -9.103766383556649089e+02
3.649463651193565056e+03 -3.378871141651179641e+02
3.649484484526898086e+03 -5.986870077763451263e+02
3.649505317860231571e+03 -1.838078045598231256e+03
3.649526151193565056e+03 -1.715081820605555549e+03
3.649546984526898086e+03 -1.701477938221534714e+03
3.649567817860231571e+03 -1.250357716552214697e+03
3.649588651193565056e+03 -2.059750045808381401e+03
3.649609484526898086e+03 -1.670047096201451495e+03
3.649630317860231571e+03 nan
3.649651151193565056e+03 nan
3.649671984526898086e+03 nan
3.649692817860231571e+03 nan
3.649713651193565056e+03 nan
3.649734484526898086e+03 nan
3.649755317860231571e+03 nan
3.649776151193565056e+03 nan
3.649796984526898086e+03 nan
3.649817817860231571e+03 nan
3.649838651193565056e+03 1.241475444410461932e+02
3.649859484526898086e+03 4.525090746534988284e+02
3.649880317860231571e+03 -1.968439351924462244e+02
3.649901151193565056e+03 -2.302567971579264849e+01
3.649921984526898086e+03 3.288288749235216528e+02
3.649942817860231571e+03 3.432811286627547815e+02
3.649963651193565056e+03 1.634206631177803501e+02
3.649984484526898086e+03 -3.159899645030964166e+02
3.650005317860231571e+03 5.270555806861957535e+02
3.650026151193565056e+03 2.425665931538678706e+02
3.650046984526898086e+03 6.898749926127493382e+02
3.650067817860231571e+03 9.197839459198294207e+02
3.650088651193565056e+03 1.117353883687173948e+02
3.650109484526898086e+03 -2.713036985653452575e+02
3.650130317860231571e+03 3.562718486126977950e+02
3.650151151193565056e+03 2.884213948285905644e+02
3.650171984526898086e+03 -2.029148222890216857e+02
3.650192817860231571e+03 2.561427167459623888e+02
3.650213651193565056e+03 -3.860019323453307152e+02
3.650234484526898086e+03 -3.713941553996410221e+02
3.650255317860231571e+03 -7.067475984455086291e+00
3.650276151193565056e+03 -2.838875119670992717e+02
3.650296984526898086e+03 2.040059379424201325e+02
3.650317817860231571e+03 2.862786488701822236e+02
3.650338651193565056e+03 1.676247069681994617e+01
3.650359484526898086e+03 7.863068282053573057e+02
3.650380317860231571e+03 -1.305600323686376214e+02
3.650401151193565056e+03 7.333247841831762344e+02
3.650421984526898086e+03 5.515831063936930150e+02
3.650442817860231571e+03 -1.045874606850557029e+02
3.650463651193565056e+03 -9.031188967984635383e+02
3.650484484526898086e+03 -1.439070494034094736e+02
3.650505317860231571e+03 -6.384726504764985293e+02
3.650526151193565056e+03 2.302854670094093308e+02
3.650546984526898086e+03 5.508470775531604886e+02
3.650567817860231571e+03 -1.222585014081792906e+03
3.650588651193565056e+03 -2.532306600841693580e+02
3.650609484526898086e+03 -4.687366096433252096e+02
3.650630317860231571e+03 -5.036635431445902213e+02
3.650651151193565056e+03 4.422182369965594262e+01
3.650671984526898086e+03 -2.829400913674617186e+02
3.650692817860231571e+03 -1.037386593150440603e+02
3.650713651193565056e+03 6.976052302966127172e+02
3.650734484526898086e+03 -1.148877376597374678e+02
3.650755317860231571e+03 1.214314642796060070e+03
3.650776151193565056e+03 4.598460046085529029e+02
3.650796984526898086e+03 8.459947881511179730e+02
3.650817817860231571e+03 9.093920534045901150e+01
3.650838651193565056e+03 1.152053219785448164e+02
3.650859484526898086e+03 2.196031786752864718e+02
3.650880317860231571e+03 7.490546326584881172e+02
3.650901151193565056e+03 5.127647918242728338e+02
3.650921984526898086e+03 3.938670164317591116e+02
3.650942817860231571e+03 2.042612779169576243e+02
3.650963651193565056e+03 -4.087851560222916305e+02
3.650984484526898086e+03 -7.408970950546208769e+02
3.651005317860231571e+03 1.055115588847547770e+02
3.651026151193565056e+03 -5.237491896083811298e+02
3.651046984526898086e+03 1.918863832147326320e+02
3.651067817860231571e+03 4.912938418559497222e+02
3.651088651193565056e+03 2.758139289915561676e+02
3.651109484526898086e+03 -2.826411460794042796e+01
3.651130317860231571e+03 -1.278187894955044612e+02
3.651151151193565056e+03 -2.048266070852987468e+02
3.651171984526898086e+03 7.540776616105576977e+02
3.651192817860231571e+03 7.553846113360486925e+02
3.651213651193565056e+03 3.578287029359489679e+02
3.651234484526898086e+03 4.567027791723376140e+02
3.651255317860231571e+03 9.362224017478292808e+02
3.651276151193565056e+03 -4.810945715241832659e+02
3.651296984526898086e+03 3.925311398610938340e+01
3.651317817860231571e+03 -6.004274179638596252e+02
3.651338651193565056e+03 -2.942952091980259866e+01
3.651359484526898086e+03 -8.099209323043469340e+02
3.651380317860231571e+03 5.027693554707802832e+02
3.651401151193565056e+03 3.360856916512129828e+02
3.651421984526898086e+03 -5.749493848453275859e+02
3.651442817860231571e+03 -2.417625745735131204e+02
3.651463651193565056e+03 -1.740784662418300286e+02
3.651484484526898086e+03 -1.502060188869945705e+02
3.651505317860231571e+03 -1.507148837435524911e+02
3.651526151193565056e+03 1.488580971159972250e+02
3.651546984526898086e+03 -4.331994128908263519e+02
3.651567817860231571e+03 -5.235371446493081748e+01
3.651588651193565056e+03 -2.305186852494953200e+02
3.651609484526898086e+03 4.969582642742898315e+02
3.651630317860231571e+03 5.464863505901303142e+02
3.651651151193565056e+03 4.863691135431872681e+02
3.651671984526898086e+03 2.000411540776258335e+02
3.651692817860231571e+03 3.444279050311306491e+02
3.651713651193565056e+03 -1.130524949672748335e+03
3.651734484526898086e+03 1.751925462262006477e+02
3.651755317860231571e+03 -1.939744692953536287e+02
3.651776151193565056e+03 2.122353138740872964e+02
3.651796984526898086e+03 3.052997818974545226e+02
3.651817817860231571e+03 2.939311125013045967e+01
3.651838651193565056e+03 2.436127204978838563e+02
3.651859484526898086e+03 8.480866277370369062e+02
3.651880317860231571e+03 4.893205813447711989e+02
3.651901151193565056e+03 8.723813538255635649e+02
3.651921984526898086e+03 8.200356102468213066e+02
3.651942817860231571e+03 7.610797025542706251e+01
3.651963651193565056e+03 2.775115660828305408e+02
3.651984484526898086e+03 1.042848771863500588e+03
3.652005317860231571e+03 1.301831460500950925e+03
3.652026151193565056e+03 1.131902361340005882e+03
3.652046984526898086e+03 1.909956522672437131e+02
3.652067817860231571e+03 1.155850633443566039e+03
3.652088651193565056e+03 4.683039086086209863e+02
3.652109484526898086e+03 9.121045832943636924e+02
3.652130317860231571e+03 -2.090809666308341548e+02
3.652151151193565056e+03 7.281393400060478598e+02
3.652171984526898086e+03 5.533766893957508728e+02
3.652192817860231571e+03 8.915396595385391265e+01
3.652213651193565056e+03 3.999058177390834317e+02
3.652234484526898086e+03 9.751307172355009243e+02
3.652255317860231571e+03 7.413112972793169320e+02
3.652276151193565056e+03 -5.930653838313883170e+02
3.652296984526898086e+03 1.153024133596336469e+03
3.652317817860231571e+03 5.256013462987029925e+02
3.652338651193565056e+03 -9.215735684829996899e+02
3.652359484526898086e+03 -5.828653002487262711e+02
3.652380317860231571e+03 4.028171732056653127e+02
3.652401151193565056e+03 1.161252096193726175e+03
3.652421984526898086e+03 -6.667966604827670380e+02
3.652442817860231571e+03 5.707710087858140469e+01
3.652463651193565056e+03 -2.370308282433543354e+02
3.652484484526898086e+03 3.774242098378017545e+02
3.652505317860231571e+03 8.453070290165487677e+01
3.652526151193565056e+03 7.886258891259785742e+01
3.652546984526898086e+03 2.542991474033333361e+02
3.652567817860231571e+03 -9.304130802326835692e+02
3.652588651193565056e+03 5.601340974413324147e+01
3.652609484526898086e+03 -4.575824960226891562e+02
3.652630317860231571e+03 -7.884125541546382010e+01
3.652651151193565056e+03 -2.029441724974894896e+02
3.652671984526898086e+03 -1.744136825089808553e+02
3.652692817860231571e+03 4.561596076400019228e+02
3.652713651193565056e+03 -3.687791793890064582e+02
3.652734484526898086e+03 1.586512772130081430e+02
3.652755317860231571e+03 1.107422383469995111e+03
3.652776151193565056e+03 6.542996826769085601e+02
3.652796984526898086e+03 4.450520023808348924e+02
3.652817817860231571e+03 -2.790222317321458831e+02
3.652838651193565056e+03 1.113171488819643855e+02
3.652859484526898086e+03 1.764269099055090919e+02
3.652880317860231571e+03 -4.608872655539307743e+02
3.652901151193565056e+03 6.995552105774404481e+02
3.652921984526898086e+03 6.603359272680245340e+02
3.652942817860231571e+03 1.117278575707925484e+03
3.652963651193565056e+03 -1.913633837446104735e+01
3.652984484526898086e+03 3.726146899460582063e+02
3.653005317860231571e+03 1.962038939724443480e+02
3.653026151193565056e+03 -4.106783071222016588e+02
3.653046984526898086e+03 3.032753100342815742e+02
3.653067817860231571e+03 -3.396062760804779828e+02
3.653088651193565056e+03 3.130213480015518144e+02
3.653109484526898086e+03 -6.544535420840838924e+02
3.653130317860231571e+03 6.694356045010499656e+01
3.653151151193565056e+03 -5.529840962899615988e+02
3.653171984526898086e+03 1.874681121486937627e+02
3.653192817860231571e+03 -6.347296963642584160e+02
3.653213651193565056e+03 -1.097922842896077782e+02
3.653234484526898086e+03 -2.896610061811516061e+02
3.653255317860231571e+03 -3.151400809227488935e+02
3.653276151193565056e+03 -1.060558648492442444e+02
3.653296984526898086e+03 -5.570181828022468835e+02
3.653317817860231571e+03 2.459632996696745977e+02
3.653338651193565056e+03 9.184452294748043641e+02
3.653359484526898086e+03 -1.015127097914228216e+02
3.653380317860231571e+03 8.398103170566027984e+02
3.653401151193565056e+03 5.968763357918942347e+02
3.653421984526898086e+03 4.497292534249136224e+02
3.653442817860231571e+03 1.682213189224479720e+03
3.653463651193565056e+03 4.181240397685905918e+02
3.653484484526898086e+03 1.814054425614885986e+02
3.653505317860231571e+03 2.364361315480200574e+02
3.653526151193565056e+03 7.495184409505454823e+02
3.653546984526898086e+03 1.270062848110683262e+01
3.653567817860231571e+03 -4.516759525460656732e+01
3.653588651193565056e+03 3.014156852081650868e+02
3.653609484526898086e+03 4.058666747908573598e+02
3.653630317860231571e+03 -2.486221271639224142e+02
3.653651151193565056e+03 9.766689000909682363e+02
3.653671984526898086e+03 -1.963139296529116109e+02
3.653692817860231571e+03 -2.192192470573354512e+02
3.653713651193565056e+03 7.162806629617698491e+02
3.653734484526898086e+03 7.610836709244176745e+01
3.653755317860231571e+03 7.014114806324942037e+02
3.653776151193565056e+03 1.126637229860061780e+02
3.653796984526898086e+03 1.015189519345294684e+02
3.653817817860231571e+03 1.644391906651435420e+02
3.653838651193565056e+03 -8.422524180775508285e+01
3.653859484526898086e+03 2.846955069177784026e+02
3.653880317860231571e+03 1.438691738797351718e+02
3.653901151193565056e+03 4.878842017899733037e+02
3.653921984526898086e+03 1.551851493527647108e+01
3.653942817860231571e+03 -3.126586972721852362e+02
3.653963651193565056e+03 -1.692269999432610348e+02
3.653984484526898086e+03 -9.212441817391663790e+02
3.654005317860231571e+03 -2.604137597430963069e+01
3.654026151193565056e+03 -4.649634165560128167e+02
3.654046984526898086e+03 -5.356352438257308677e+02
3.654067817860231571e+03 -8.254243674095487222e+02
3.654088651193565056e+03 -7.045634913919493556e+02
3.654109484526898086e+03 7.506200630835955963e+02
3.654130317860231571e+03 3.980554459998384118e+02
3.654151151193564601e+03 2.463171142120845616e+02
3.654171984526898086e+03 8.079193162324372679e+02
3.654192817860231571e+03 1.105602802477078512e+02
3.654213651193564601e+03 1.670949895837111399e+02
3.654234484526898086e+03 1.823478613775223494e+02
3.654255317860231571e+03 7.309836274548433721e+01
3.654276151193564601e+03 -2.289774795644916594e+00
3.654296984526898086e+03 2.425134429547470063e+02
3.654317817860231571e+03 1.474217866738326848e+02
3.654338651193564601e+03 1.079123094889800996e+02
3.654359484526898086e+03 -8.809125141861150041e+02
3.654380317860231571e+03 -4.241253027517814189e+01
3.654401151193564601e+03 -7.088710745716234669e+02
3.654421984526898086e+03 -8.854555848108138889e+02
3.654442817860231571e+03 -1.067882130567682907e+03
3.654463651193564601e+03 -4.080736450694967061e+02
3.654484484526898086e+03 -3.780642259529558942e+02
3.654505317860231571e+03 -2.468261686398182064e+01
3.654526151193564601e+03 -3.777882284384686500e+02
3.654546984526898086e+03 -2.308772635579807684e+02
3.654567817860231571e+03 -9.423857151160482317e+02
3.654588651193564601e+03 1.294094959846697748e+02
3.654609484526898086e+03 5.208404514036374167e+02
3.654630317860231571e+03 3.602819754799129441e+02
3.654651151193564601e+03 -4.689183875500457361e+02
3.654671984526898086e+03 -6.776702577573014423e+02
3.654692817860231571e+03 9.659007283092942089e+02
3.654713651193564601e+03 -3.905590019269147888e+02
3.654734484526898086e+03 -5.785154731024522334e+02
3.654755317860231571e+03 -3.297995604702737182e+01
3.654776151193564601e+03 4.059144151746295393e+02
3.654796984526898086e+03 2.982299040689831600e+02
3.654817817860231571e+03 -1.471417759477626532e+02
3.654838651193564601e+03 1.678842362085124478e+02
3.654859484526898086e+03 5.260490911296801642e+02
3.654880317860231571e+03 8.411336226782295853e+02
3.654901151193564601e+03 3.944231449110666290e+02
3.654921984526898086e+03 3.268866602409398183e+02
3.654942817860231571e+03 3.521378470560302958e+02
3.654963651193564601e+03 -2.674351977210026234e+02
3.654984484526898086e+03 -4.881667838034918532e+02
3.655005317860231571e+03 -1.137159988321363926e+03
3.655026151193564601e+03 -3.238576552004087716e+02
3.655046984526898086e+03 -1.689747224501334131e+03
3.655067817860231571e+03 -2.139313421362079680e+03
3.655088651193564601e+03 -7.648404266362776980e+02
3.655109484526898086e+03 -4.611142526464536786e+02
3.655130317860231571e+03 -2.486921122007770464e+02
3.655151151193564601e+03 2.168927137600257993e+02
3.655171984526898086e+03 4.823338379374472424e+02
3.655192817860231571e+03 9.259486699796980247e+02
3.655213651193564601e+03 -2.270012477086856961e+01
3.655234484526898086e+03 6.016605292636668310e+02
3.655255317860231571e+03 -1.686436350865988061e+02
3.655276151193564601e+03 -2.496411246784264222e+02
3.655296984526898086e+03 2.741147904726676643e+02
3.655317817860231571e+03 3.238182354840682819e+02
3.655338651193564601e+03 6.015090236049145460e+02
3.655359484526898086e+03 -1.536276929876767099e+02
3.655380317860231571e+03 4.329683878145879135e+02
3.655401151193564601e+03 1.127838316822308116e+03
3.655421984526898086e+03 1.350166888756328262e+03
3.655442817860231571e+03 3.658151268407236785e+02
3.655463651193564601e+03 -9.097918174590449780e+01
3.655484484526898086e+03 1.578538212447892874e+03
3.655505317860231571e+03 2.111982436331454664e+03
3.655526151193564601e+03 -8.699958452115533873e+02
3.655546984526898086e+03 -7.484534775904612616e+02
3.655567817860231571e+03 1.179886590857408009e+03
3.655588651193564601e+03 9.542277441072510555e+02
3.655609484526898086e+03 -1.816887865288881585e+02
3.655630317860231571e+03 8.951173091563396156e+01
3.655651151193564601e+03 4.929632265723776072e+02
3.655671984526898086e+03 3.084048339875182137e+03
3.655692817860231571e+03 1.515659669014741667e+03
3.655713651193564601e+03 -3.125609851919463836e+03
3.655734484526898086e+03 -1.200289279347867705e+03
3.655755317860231571e+03 2.079890971908462234e+03
3.655776151193564601e+03 4.632602407441008836e+02
3.655796984526898086e+03 -6.885463709583273157e+02
3.655817817860231571e+03 -2.188609129414660856e+03
3.655838651193564601e+03 nan
3.655859484526898086e+03 nan
3.655880317860231571e+03 nan
3.655901151193564601e+03 nan
3.655921984526898086e+03 nan
3.655942817860231571e+03 nan
3.655963651193564601e+03 nan
3.655984484526898086e+03 nan
3.656005317860231571e+03 nan
3.656026151193564601e+03 nan
3.656046984526898086e+03 3.076040499892551452e+02
3.656067817860231571e+03 9.072541013488080353e+01
3.656088651193564601e+03 -1.193956042895093560e+03
3.656109484526898086e+03 -2.518961801136261784e+03
3.656130317860231571e+03 -2.602704303986742161e+03
3.656151151193564601e+03 -2.660907332336530089e+03
3.656171984526898086e+03 -2.589596929565537721e+03
3.656192817860231571e+03 2.227233922908781096e+02
3.656213651193564601e+03 2.941926582315238193e+03
3.656234484526898086e+03 8.509295294019393623e+02
3.656255317860231571e+03 -1.097640601934283040e+03
3.656276151193564601e+03 -5.091103054018458351e+02
3.656296984526898086e+03 5.220983533504186198e+02
3.656317817860231571e+03 -3.376627618458587676e+01
3.656338651193564601e+03 2.809763051497284323e+02
3.656359484526898086e+03 2.468263587001361884e+03
3.656380317860231571e+03 3.571365581172867678e+03
3.656401151193564601e+03 1.746761999127105810e+03
3.656421984526898086e+03 -1.052817345970892347e+03
3.656442817860231571e+03 -1.068928813814534806e+03
3.656463651193564601e+03 6.237172369862673804e+02
3.656484484526898086e+03 1.271132700395653956e+03
3.656505317860231571e+03 nan
3.656526151193564601e+03 2.969243286133045331e+03
3.656546984526898086e+03 2.723206868368550204e+03
3.656567817860231571e+03 2.044846632123342715e+03
3.656588651193564601e+03 1.166764072246267460e+03
3.656609484526898086e+03 -2.848927496527321637e+02
3.656630317860231571e+03 6.786052213015500456e+02
3.656651151193564601e+03 -3.846605043923482299e+02
3.656671984526898086e+03 -2.721673685506219044e+03
3.656692817860231571e+03 -1.760604984362376854e+03
3.656713651193564601e+03 6.567869498903164640e+02
3.656734484526898086e+03 -3.444946242481935769e+03
3.656755317860231571e+03 -2.688194774967036210e+03
3.656776151193564601e+03 nan
3.656796984526898086e+03 nan
3.656817817860231116e+03 -1.629657932239351794e+02
3.656838651193564601e+03 6.035457821516320109e+02
3.656859484526898086e+03 5.977491656655911356e+01
3.656880317860231116e+03 nan
3.656901151193564601e+03 -3.677096634339774027e+03
3.656921984526898086e+03 -2.088033969410113059e+03
3.656942817860231116e+03 1.091994448013487272e+03
3.656963651193564601e+03 6.312678750903578475e+02
3.656984484526898086e+03 -3.799731704767327756e+02
3.657005317860231116e+03 2.592690449046203867e+02
3.657026151193564601e+03 -1.490373431567684747e+03
3.657046984526898086e+03 -1.223253735146834515e+03
3.657067817860231116e+03 -1.822362661245279014e+03
3.657088651193564601e+03 -1.802491905378992669e+03
3.657109484526898086e+03 7.422755443071946502e+02
3.657130317860231116e+03 6.634993401968386024e+02
3.657151151193564601e+03 4.078459071007091552e+01
3.657171984526898086e+03 -8.043075370908482000e+02
3.657192817860231116e+03 -7.123188767960527912e+02
3.657213651193564601e+03 -8.376151797355851158e+02
3.657234484526898086e+03 -1.047175056651001796e+03
3.657255317860231116e+03 2.632274127520038746e+03
3.657276151193564601e+03 6.466429983325069770e+02
3.657296984526898086e+03 -1.772851069153402932e+03
3.657317817860231116e+03 2.658800350372912362e+02
3.657338651193564601e+03 -3.912942110251169652e+02
3.657359484526898086e+03 -1.564256240722141229e+03
3.657380317860231116e+03 -2.820262049010256305e+03
3.657401151193564601e+03 -2.580545837701065466e+03
3.657421984526898086e+03 1.008047218586085364e+03
3.657442817860231116e+03 4.979704817757010460e+02
3.657463651193564601e+03 -6.389375905360793695e+02
3.657484484526898086e+03 -3.886212257517036051e+02
3.657505317860231116e+03 1.053066078083822504e+03
3.657526151193564601e+03 4.898303169338032603e+01
3.657546984526898086e+03 -3.198365099272690713e+03
3.657567817860231116e+03 -1.311147608056198806e+03
3.657588651193564601e+03 -2.454470544505165890e+02
3.657609484526898086e+03 1.689874594525434077e+03
3.657630317860231116e+03 1.962158555981819518e+03
3.657651151193564601e+03 2.437867223412031308e+02
3.657671984526898086e+03 6.316346157118678093e+02
3.657692817860231116e+03 2.785688055502250791e+03
3.657713651193564601e+03 2.250593782830517739e+03
3.657734484526898086e+03 9.677781490446068347e+01
3.657755317860231116e+03 3.312536694837035611e+02
3.657776151193564601e+03 2.389632929846411571e+02
3.657796984526898086e+03 -1.769392100578406826e+02
3.657817817860231116e+03 4.604423292551655322e+02
3.657838651193564601e+03 6.136985648506088182e+02
3.657859484526898086e+03 2.136473379866220057e+02
3.657880317860231116e+03 -1.617634509821655229e+03
3.657901151193564601e+03 -2.941823268130770884e+03
3.657921984526898086e+03 -2.530546319753862917e+03
3.657942817860231116e+03 9.251319299502065405e+02
3.657963651193564601e+03 2.605493039642809890e+03
3.657984484526898086e+03 7.833106383202830330e+02
3.658005317860231116e+03 -2.360615550311049446e+02
3.658026151193564601e+03 1.975552955897292122e+02
3.658046984526898086e+03 -1.182783812754787505e+02
3.658067817860231116e+03 -1.209744235879741609e+03
3.658088651193564601e+03 -1.698271856779465452e+02
3.658109484526898086e+03 5.641120289999525994e+01
3.658130317860231116e+03 1.385055185608216561e+03
3.658151151193564601e+03 1.831984898041933775e+03
3.658171984526898086e+03 1.149529088310664520e+03
3.658192817860231116e+03 3.805191299482248724e+02
3.658213651193564601e+03 6.667078245957382023e+02
3.658234484526898086e+03 4.385644755675457418e+00
3.658255317860231116e+03 -8.228415051754564047e+02
3.658276151193564601e+03 -6.119217890853760764e+02
3.658296984526898086e+03 1.948207251578569412e+02
3.658317817860231116e+03 2.186654668357223272e+02
3.658338651193564601e+03 4.786781535361660644e+02
3.658359484526898086e+03 -2.280245195232564583e+02
3.658380317860231116e+03 -4.327025440068682656e+02
3.658401151193564601e+03 2.319909966146806255e+02
3.658421984526898086e+03 -3.355387037090258673e+02
3.658442817860231116e+03 2.599560685888864100e+02
3.658463651193564601e+03 -6.745988745164358988e+02
3.658484484526898086e+03 -4.650763785733142868e+02
3.658505317860231116e+03 -1.043825663525727578e+03
3.658526151193564601e+03 -9.488245760911377147e+02
3.658546984526898086e+03 -1.159047589385998435e+03
3.658567817860231116e+03 -8.102611926195677370e+02
3.658588651193564601e+03 -8.056800011720042676e+01
3.658609484526898086e+03 7.208117879572091624e+02
3.658630317860231116e+03 1.838338620347203687e+02
3.658651151193564601e+03 4.025299931442132220e+02
3.658671984526898086e+03 1.420746684910263866e+02
3.658692817860231116e+03 8.935577005244558677e+02
3.658713651193564601e+03 3.877015910816844553e+02
3.658734484526898086e+03 1.574951008829055354e+03
3.658755317860231116e+03 1.082583352915244177e+03
3.658776151193564601e+03 -2.586382098128087819e+02
3.658796984526898086e+03 8.531988676437176764e+02
3.658817817860231116e+03 1.066560767492512241e+03
3.658838651193564601e+03 8.143959990786388516e+02
3.658859484526898086e+03 5.541387953413650393e+02
3.658880317860231116e+03 9.717253522614482790e+02
3.658901151193564601e+03 4.201763868681155145e+00
3.658921984526898086e+03 -1.111439277300378308e+02
3.658942817860231116e+03 2.337756606587208807e+01
3.658963651193564601e+03 3.613991694040596485e+02
3.658984484526898086e+03 -1.102357297496637329e+02
3.659005317860231116e+03 1.198570655509829521e+02
3.659026151193564601e+03 7.842591702603967860e+02
3.659046984526898086e+03 4.578649608377600089e+02
3.659067817860231116e+03 4.455878111073980108e+02
3.659088651193564601e+03 2.517644388608168811e+02
3.659109484526898086e+03 2.715356959672644734e+02
3.659130317860231116e+03 -1.977366931106662378e+02
3.659151151193564601e+03 3.420801125656580552e+02
3.659171984526898086e+03 5.654202753118006513e+02
3.659192817860231116e+03 3.323752374611794949e+02
3.659213651193564601e+03 2.623672867049463093e+02
3.659234484526898086e+03 6.332076045947615057e+02
3.659255317860231116e+03 3.529763595000840724e+02
3.659276151193564601e+03 1.660663888503331691e+02
3.659296984526898086e+03 5.644132350645959377e+02
3.659317817860231116e+03 9.212153062560828403e+02
3.659338651193564601e+03 2.274411650096299127e+02
3.659359484526898086e+03 3.651844031448708847e+02
3.659380317860231116e+03 4.987974515181267634e+02
3.659401151193564601e+03 1.074161390629247762e+03
3.659421984526898086e+03 1.313737174941925332e+02
3.659442817860231116e+03 6.482258703781990334e+02
3.659463651193564601e+03 -9.998689855495467782e+01
3.659484484526897631e+03 -6.389583291377639398e+02
3.659505317860231116e+03 -5.889121022631879896e+02
3.659526151193564601e+03 -7.789823150304146111e+02
3.659546984526897631e+03 -1.023299559649429284e+03
3.659567817860231116e+03 -6.676573676372645423e+02
3.659588651193564601e+03 -7.670858878307044506e+02
3.659609484526897631e+03 -5.706874647685326636e+02
3.659630317860231116e+03 -2.659199997766409069e+02
3.659651151193564601e+03 -4.164942829550709575e+02
3.659671984526897631e+03 -5.172707414386095479e+02
3.659692817860231116e+03 2.896916746826609597e+02
3.659713651193564601e+03 -5.336585999693488702e+02
3.659734484526897631e+03 -5.076832836584653705e+02
3.659755317860231116e+03 -1.841577050683554262e+01
3.659776151193564601e+03 -1.515835561817861162e+03
3.659796984526897631e+03 1.072364996501710266e+01
3.659817817860231116e+03 -2.366873692770022899e+02
3.659838651193564601e+03 -4.085612347256392241e+02
3.659859484526897631e+03 -5.179088430956471711e+01
3.659880317860231116e+03 -8.657816133601590991e+01
3.659901151193564601e+03 -4.577814327789237723e+02
3.659921984526897631e+03 4.594805137184448540e+01
3.659942817860231116e+03 1.075798363391077146e+02
3.659963651193564601e+03 2.030996097127208486e+02
3.659984484526897631e+03 -2.854137439572950825e+02
3.660005317860231116e+03 -1.680784077958669513e+02
3.660026151193564601e+03 5.783542106370441616e+01
3.660046984526897631e+03 4.679477888852125034e+02
3.660067817860231116e+03 3.189162431453587487e+02
3.660088651193564601e+03 -3.810837689319159836e+02
3.660109484526897631e+03 -3.364388312898809090e+02
3.660130317860231116e+03 1.286458188263932243e+02
3.660151151193564601e+03 -2.179084754819050431e+02
3.660171984526897631e+03 -2.844639158274512738e+02
3.660192817860231116e+03 -4.960571689478820190e+02
3.660213651193564601e+03 -2.910476323401089758e+02
3.660234484526897631e+03 -1.607752888529794291e+02
3.660255317860231116e+03 -4.025717596425674856e+02
3.660276151193564601e+03 -1.334581617639632896e+02
3.660296984526897631e+03 -2.183131667753914371e+02
3.660317817860231116e+03 -1.170815807669889182e+03
3.660338651193564601e+03 -3.397869097485672683e+02
3.660359484526897631e+03 -5.086513513908721507e+01
3.660380317860231116e+03 -2.573548388085328043e+02
3.660401151193564601e+03 -5.720871778135187924e+02
3.660421984526897631e+03 -6.474112985995598137e+02
3.660442817860231116e+03 -2.706570478890789673e+02
3.660463651193564601e+03 -4.686530351844849065e+02
3.660484484526897631e+03 -5.614495526906102896e+01
3.660505317860231116e+03 -1.980526550472714007e+02
3.660526151193564601e+03 -7.709757508581969887e+01
3.660546984526897631e+03 3.803682608278468251e+02
3.660567817860231116e+03 7.298863959900336340e+02
3.660588651193564601e+03 1.311855592555366457e+01
3.660609484526897631e+03 3.820837766265030950e+02
3.660630317860231116e+03 6.666393375443294644e+02
3.660651151193564601e+03 2.520143526905449107e+02
3.660671984526897631e+03 5.455509476287988946e+02
3.660692817860231116e+03 9.773120060237124562e+01
3.660713651193564601e+03 -1.253007540266262367e+02
3.660734484526897631e+03 4.591335104171885177e+02
3.660755317860231116e+03 3.696716625092085451e+01
3.660776151193564601e+03 -2.873994061307748780e+02
3.660796984526897631e+03 2.177726948400959373e+02
3.660817817860231116e+03 -2.267959896973334253e+02
3.660838651193564601e+03 -5.209762270983774215e+02
3.660859484526897631e+03 1.846966619680169970e+02
3.660880317860231116e+03 -2.110964261244516820e+02
3.660901151193564601e+03 3.446535146381938830e+02
3.660921984526897631e+03 1.136787432754877955e+03
3.660942817860231116e+03 5.420481769569450989e+02
3.660963651193564601e+03 5.916590955184074119e+02
3.660984484526897631e+03 5.335085295739118010e+02
3.661005317860231116e+03 8.862602125973207876e+02
3.661026151193564601e+03 1.406022780757048167e+03
3.661046984526897631e+03 4.199928289880044758e+02
3.661067817860231116e+03 2.007559033419238403e+02
3.661088651193564601e+03 1.093343331583891995e+03
3.661109484526897631e+03 4.208637611399171874e+02
3.661130317860231116e+03 3.259708177490392700e+02
3.661151151193564601e+03 3.520652802123222500e+02
3.661171984526897631e+03 -3.003965744368033484e+02
3.661192817860231116e+03 5.668677568010753021e+02
3.661213651193564601e+03 3.407091781718190759e+01
3.661234484526897631e+03 -4.377680013078497723e+02
3.661255317860231116e+03 -1.704897492423187941e+02
3.661276151193564601e+03 -1.507004105728119612e+02
3.661296984526897631e+03 -7.451924119482282549e+01
3.661317817860231116e+03 6.612722250694641843e+02
3.661338651193564601e+03 6.307130685870070010e+02
3.661359484526897631e+03 7.677678227790165693e+02
3.661380317860231116e+03 1.499909993682173081e+03
3.661401151193564601e+03 1.175872134903213009e+03
3.661421984526897631e+03 9.349812839297810569e+02
3.661442817860231116e+03 7.319675325630232692e+02
3.661463651193564601e+03 2.145026260426966473e+02
3.661484484526897631e+03 7.860363809504779056e+02
3.661505317860231116e+03 3.947255241026869044e+02
3.661526151193564601e+03 4.904865951878018677e+02
3.661546984526897631e+03 7.986048317811219022e+02
3.661567817860231116e+03 5.679136415187967941e+02
3.661588651193564601e+03 4.469491028211778030e+02
3.661609484526897631e+03 -1.735760759138502181e+02
3.661630317860231116e+03 4.332862908277893439e+02
3.661651151193564601e+03 4.309267183369956911e+01
3.661671984526897631e+03 6.170669041209621355e+02
3.661692817860231116e+03 5.286918778265826404e+02
3.661713651193564601e+03 2.381369583946652710e+02
3.661734484526897631e+03 4.998020844857674092e+02
3.661755317860231116e+03 4.157520719994790852e+02
3.661776151193564601e+03 5.712963217088254169e+02
3.661796984526897631e+03 5.635789558785036206e+02
3.661817817860231116e+03 9.379630973612656817e+02
3.661838651193564601e+03 1.034903047108091414e+03
3.661859484526897631e+03 5.262991109781432897e+02
3.661880317860231116e+03 9.512647004874888808e+02
3.661901151193564601e+03 4.395485937531339005e+02
3.661921984526897631e+03 1.146875529471551999e+03
3.661942817860231116e+03 6.675802178510930389e+02
3.661963651193564601e+03 7.372280827745562419e+02
3.661984484526897631e+03 1.253015972493449226e+02
3.662005317860231116e+03 3.545892500316258520e+02
3.662026151193564601e+03 -2.992935089328093454e+02
3.662046984526897631e+03 -2.523860767690930516e+02
3.662067817860231116e+03 4.444782365508144721e+02
3.662088651193564601e+03 1.445200127619318664e+01
3.662109484526897631e+03 2.886396225944627076e+02
3.662130317860231116e+03 8.482358491444028914e+01
3.662151151193564147e+03 7.140457503624493256e+02
3.662171984526897631e+03 3.660113642595242709e+02
3.662192817860231116e+03 9.282758388528600335e+01
3.662213651193564147e+03 -1.983349514148430899e+02
3.662234484526897631e+03 -4.024104888543952256e+02
3.662255317860231116e+03 3.410649477666011080e+02
3.662276151193564147e+03 2.655099533738102764e+02
3.662296984526897631e+03 -1.006804990732343867e+02
3.662317817860231116e+03 9.240890893292380497e+02
3.662338651193564147e+03 -4.526961238513467833e+02
3.662359484526897631e+03 6.295803314179647714e+01
3.662380317860231116e+03 4.332624071482568979e+02
3.662401151193564147e+03 -1.033407834626734257e+03
3.662421984526897631e+03 -3.579161335017997772e+02
3.662442817860231116e+03 -8.684143610902829096e+02
3.662463651193564147e+03 -7.762094994388753548e+02
3.662484484526897631e+03 8.161346350703388453e+01
3.662505317860231116e+03 -6.101591877151513472e+02
3.662526151193564147e+03 -3.045638651594053954e+02
3.662546984526897631e+03 -9.117624986054142937e+02
3.662567817860231116e+03 -9.353474325645947829e+02
3.662588651193564147e+03 -7.341327346279285848e+00
3.662609484526897631e+03 -7.376020556803559884e+02
3.662630317860231116e+03 -1.685603740600636229e+02
3.662651151193564147e+03 -5.667815662370994687e+02
3.662671984526897631e+03 -6.533153011162066832e+02
3.662692817860231116e+03 -5.561454489532625303e+02
3.662713651193564147e+03 -4.583891010663937777e+02
3.662734484526897631e+03 -7.642007380044087768e+02
3.662755317860231116e+03 -1.602651206930167973e+02
3.662776151193564147e+03 1.282378104946110398e+02
3.662796984526897631e+03 -7.337932825289899483e+02
3.662817817860231116e+03 -3.604144322837237269e+02
3.662838651193564147e+03 -4.715581608486827463e+02
