1.983654357910156250e+03 -4.539437504824018106e+02
1.983675170898437500e+03 9.078692743413848802e+02
1.983695983886718750e+03 2.153743138819700107e+02
1.983716857910156250e+03 -4.679778430898441002e+02
1.983737670898437500e+03 9.055818587630055845e+02
1.983758483886718750e+03 4.892191820049192756e+02
1.983779357910156250e+03 1.055838848850806244e+03
1.983800170898437500e+03 3.033782550496980548e+02
1.983820983886718750e+03 2.613033516833093017e+01
1.983841857910156250e+03 8.182799950806656852e+02
1.983862670898437500e+03 4.142189224333269522e+02
1.983883483886718750e+03 7.961212213265243918e+02
1.983904357910156250e+03 4.223405774116981775e+02
1.983925170898437500e+03 1.081903126737917773e+03
1.983945983886718750e+03 3.051852701625321060e+02
1.983966857910156250e+03 4.409103435900760815e+02
1.983987670898437500e+03 1.988890852107433602e+02
1.984008483886718750e+03 2.572529219827847555e+02
1.984029357910156250e+03 -8.693451564756687731e+02
1.984050170898437500e+03 -1.605909635806456208e+02
1.984070983886718750e+03 -4.431442859861999750e+01
1.984091857910156250e+03 2.893568410899024457e+02
1.984112670898437500e+03 1.441281859327573329e+02
1.984133483886718750e+03 3.177554786177352071e+02
1.984154357910156250e+03 3.783312197444029152e+02
1.984175170898437500e+03 -1.281691328312736005e+02
1.984195983886718750e+03 1.489853411690564826e+02
1.984216857910156250e+03 3.797374093125108629e+02
1.984237670898437500e+03 6.754955998603254557e+02
1.984258483886718750e+03 6.096493574625346810e+02
1.984279357910156250e+03 -7.370108068513218313e+01
1.984300170898437500e+03 1.025580662179272622e+02
1.984320983886718750e+03 -1.018756461587036029e+02
1.984341857910156250e+03 -5.352613755646161735e+02
1.984362670898437500e+03 -2.489442951394012198e+02
1.984383483886718750e+03 -2.080412132295314223e+02
1.984404357910156250e+03 -1.093444205478299409e+02
1.984425170898437500e+03 -1.580149989105993882e+02
1.984445983886718750e+03 -4.586195043504703790e+02
1.984466857910156250e+03 -8.500993336492683738e+02
1.984487609863281250e+03 -1.348852513666497543e+02
1.984508483886718750e+03 -8.806432238500565290e+01
1.984529296875000000e+03 3.205493341643596068e+02
1.984550109863281250e+03 -1.110958229200914502e+02
1.984570983886718750e+03 5.052050059323664755e+01
1.984591796875000000e+03 3.367495009772246704e+02
1.984612609863281250e+03 6.603167535364627838e+01
1.984633483886718750e+03 1.335219696693820879e+02
1.984654296875000000e+03 1.152451933319913223e+03
1.984675109863281250e+03 7.872723951648222283e+02
1.984695983886718750e+03 7.681211309862555936e+02
1.984716796875000000e+03 8.843065889598801732e+02
1.984737609863281250e+03 5.947700209416216239e+02
1.984758483886718750e+03 1.218683077698224224e+03
1.984779296875000000e+03 1.104972814670181833e+03
1.984800109863281250e+03 1.961469537779921666e+02
1.984820983886718750e+03 4.106808760458370671e+02
1.984841796875000000e+03 3.750149128112243488e+02
1.984862609863281250e+03 3.116922027512919158e+02
1.984883483886718750e+03 -3.359672101003816351e+02
1.984904296875000000e+03 -2.379619624235201627e+02
1.984925109863281250e+03 1.827898170606931672e+02
1.984945983886718750e+03 5.795908389131072909e+02
1.984966796875000000e+03 2.799748518918640912e+02
1.984987609863281250e+03 -2.211319669825024903e+01
1.985008483886718750e+03 -1.003923284766380675e+03
1.985029296875000000e+03 4.014075631683226675e+01
1.985050109863281250e+03 2.529065754504408687e+02
1.985070983886718750e+03 -1.828212718860013410e+02
1.985091796875000000e+03 -1.413087844179361127e+03
1.985112609863281250e+03 -2.800891339891823009e+02
1.985133483886718750e+03 -5.686904551145853475e+02
1.985154296875000000e+03 -1.939361215620301664e+02
1.985175109863281250e+03 -1.197446473063318990e+03
1.985195983886718750e+03 -7.919785927761113271e+02
1.985216796875000000e+03 -7.103155603748746216e+02
1.985237609863281250e+03 -4.927119961574207991e+02
1.985258483886718750e+03 -8.347603297055466101e+02
1.985279296875000000e+03 -4.905648545782314613e+02
1.985300109863281250e+03 -2.853434978374280035e+02
1.985320983886718750e+03 -2.397009424016578123e+02
1.985341796875000000e+03 2.852078707562759519e+01
1.985362609863281250e+03 -2.125385446101427078e+01
1.985383483886718750e+03 3.684995641328860074e+02
1.985404296875000000e+03 -1.214769466391298920e+02
1.985425109863281250e+03 2.224534551489632577e+02
1.985445983886718750e+03 -4.250400149533525109e+02
1.985466796875000000e+03 2.143881481862626970e+01
1.985487609863281250e+03 -7.187372070469427854e+01
1.985508483886718750e+03 -6.033670209823176265e+02
1.985529296875000000e+03 -6.356360347584122792e+02
1.985550109863281250e+03 4.649956548034679145e+02
1.985570983886718750e+03 -3.393092843367485330e+02
1.985591796875000000e+03 -1.612402263630647212e+02
1.985612609863281250e+03 -2.511882389091188088e+02
1.985633483886718750e+03 3.025782588497968391e+02
1.985654296875000000e+03 -5.099179150863783434e+02
1.985675109863281250e+03 -4.766255916629452258e+02
1.985695983886718750e+03 2.723041303919162601e+02
1.985716796875000000e+03 8.609546576952561736e+01
1.985737609863281250e+03 4.928839323325082660e+02
1.985758483886718750e+03 8.703525702649494633e+02
1.985779296875000000e+03 8.026228217431344092e+01
1.985800109863281250e+03 -2.214555641263723373e+01
1.985820983886718750e+03 3.955857109914068133e+02
1.985841796875000000e+03 1.582295609741704538e+02
1.985862609863281250e+03 4.519798587614204735e+02
1.985883483886718750e+03 9.846085027710068971e+02
1.985904296875000000e+03 3.768251853151014075e+02
1.985925109863281250e+03 5.776946334550157189e+02
1.985945983886718750e+03 -2.041828695742879063e+01
1.985966796875000000e+03 -2.902140822067158297e+02
1.985987609863281250e+03 3.181854277857346460e+02
1.986008483886718750e+03 -3.353723590525332838e+02
1.986029296875000000e+03 1.130529430106980726e+02
1.986050109863281250e+03 7.009549453608924523e+02
1.986070983886718750e+03 7.612299524984555319e+02
1.986091796875000000e+03 4.741331756711006165e+02
1.986112630208333258e+03 3.237004457424627617e+02
1.986133483886718750e+03 1.731596928567159921e+02
1.986154296875000000e+03 7.739388093897141516e+02
1.986175109863281250e+03 6.696446837348630652e+02
1.986195983886718750e+03 1.010284412825945765e+03
1.986216796875000000e+03 4.509339350563241169e+02
1.986237609863281250e+03 6.555051261861808598e+02
1.986258483886718750e+03 6.433576045968802646e+02
1.986279296875000000e+03 2.864216329199261963e+02
1.986300109863281250e+03 9.685633062013657764e+02
1.986320983886718750e+03 2.359356517221312970e+02
1.986341796875000000e+03 -6.054652600933331996e+01
1.986362609863281250e+03 7.864162858445197344e+02
1.986383483886718750e+03 7.089141908754827455e+02
1.986404296875000000e+03 4.311034916015341878e+02
1.986425109863281250e+03 3.363164918998954818e+02
1.986445983886718750e+03 -3.986023501912131906e+01
1.986466796875000000e+03 1.889182208401616663e+02
1.986487609863281250e+03 8.339570971349021420e+02
1.986508483886718750e+03 -3.332546782745048404e+02
1.986529296875000000e+03 1.776749773451592773e+02
1.986550109863281250e+03 -2.140849692549090832e+02
1.986570983886718750e+03 -6.575757356014801189e+02
1.986591796875000000e+03 -2.944311500105541199e+02
1.986612609863281250e+03 -9.336637346050702035e+02
1.986633483886718750e+03 -4.939272187524475157e+02
1.986654235839843750e+03 -8.566820970773696899e+02
1.986675109863281250e+03 -1.888576509654521942e+02
1.986695922851562500e+03 2.779636167271528393e+02
1.986716735839843750e+03 2.348235352712217718e+02
1.986737609863281250e+03 5.167205109575297683e+01
1.986758422851562500e+03 3.646756553299492225e+02
1.986779235839843750e+03 4.272272926799487323e+02
1.986800109863281250e+03 -8.361608322628308088e+01
1.986820922851562500e+03 -4.823859850445296615e+01
1.986841735839843750e+03 1.140310232702991925e+03
1.986862609863281250e+03 -4.262570397573290393e+02
1.986883422851562500e+03 4.078132669632323086e+02
1.986904235839843750e+03 8.902705831791972741e+02
1.986925109863281250e+03 2.538825086448341608e+02
1.986945922851562500e+03 1.486650599404238164e+02
1.986966735839843750e+03 3.121295204351190478e+01
1.986987609863281250e+03 6.005106107260799035e+02
1.987008422851562500e+03 2.946680823066271842e+02
1.987029235839843750e+03 3.308039557024603710e+02
1.987050109863281250e+03 3.370144150962587446e+02
1.987070922851562500e+03 4.927295678493101150e+02
1.987091735839843750e+03 6.079491574001731351e+02
1.987112609863281250e+03 -4.119226035653846338e+02
1.987133422851562500e+03 -3.367779267366277054e+02
1.987154235839843750e+03 -2.741385358292609453e+01
1.987175109863281250e+03 2.520148806077195331e+02
1.987195922851562500e+03 2.154157956386916339e+01
1.987216735839843750e+03 -7.130120768706547096e+02
1.987237609863281250e+03 -1.413613111954182386e+03
1.987258422851562500e+03 -5.834412576969480142e+02
1.987279235839843750e+03 8.449905801448039711e+00
1.987300109863281250e+03 -8.441770531677175313e+02
1.987320922851562500e+03 2.276826737332157791e+01
1.987341735839843750e+03 -3.718379472162341699e+02
1.987362609863281250e+03 2.402153493162477389e+02
1.987383422851562500e+03 3.278212374465074390e+02
1.987404235839843750e+03 -1.076193718635477126e+01
1.987425109863281250e+03 5.800922689563594759e+01
1.987445922851562500e+03 -1.954385517232585698e+02
1.987466735839843750e+03 1.912748309503076598e+02
1.987487609863281250e+03 -2.225388916424708441e+02
1.987508422851562500e+03 -1.267384311982896179e+02
1.987529235839843750e+03 -5.705628193267621100e+02
1.987550109863281250e+03 -4.097262849913677201e+02
1.987570922851562500e+03 -6.393277951030759141e+02
1.987591735839843750e+03 -1.184990240769693628e+02
1.987612609863281250e+03 -9.999453894563484937e+02
1.987633422851562500e+03 -3.583231362958904356e+02
1.987654235839843750e+03 -1.192120046622585505e+01
1.987675109863281250e+03 -3.419119764489587396e+02
1.987695922851562500e+03 -4.010873193857260048e+02
1.987716735839843750e+03 -3.055728051043115556e+02
1.987737609863281250e+03 3.419743724206928164e+02
1.987758422851562500e+03 2.964274416934931651e+02
1.987779235839843750e+03 -3.037664052809122950e+02
1.987800109863281250e+03 3.403453073004493490e+02
1.987820922851562500e+03 -7.399891529516316950e+02
1.987841735839843750e+03 -7.123298320721369237e+01
1.987862609863281250e+03 1.078412126059411094e+02
1.987883422851562500e+03 1.552902747072512284e+02
1.987904235839843750e+03 1.448310788072412834e+02
1.987925109863281250e+03 1.176058239014470018e+03
1.987945922851562500e+03 3.877769750242587179e+02
1.987966735839843750e+03 3.505605553828645498e+02
1.987987609863281250e+03 4.388163840861525387e+02
1.988008422851562500e+03 7.110688066342845559e+01
1.988029235839843750e+03 2.990284885276341811e+02
1.988050109863281250e+03 7.685069988443283364e+02
1.988070922851562500e+03 3.445132440193556249e+02
1.988091735839843750e+03 7.530067372710909694e+02
1.988112609863281250e+03 -5.750786295870784670e+01
1.988133422851562500e+03 5.876291446781251580e+02
1.988154235839843750e+03 6.521326357935322449e+02
1.988175109863281250e+03 8.035652594348648563e+02
1.988195922851562500e+03 -2.905503928124671802e+02
1.988216735839843750e+03 5.698773163886507973e+02
1.988237609863281250e+03 1.075093035961268470e+03
1.988258422851562500e+03 6.290929369521327317e+02
1.988279235839843750e+03 9.487290747707011178e+02
1.988300109863281250e+03 6.264099268695572391e+02
1.988320922851562500e+03 -1.570874908617697656e+02
1.988341735839843750e+03 -1.667557631421368569e+02
1.988362609863281250e+03 -7.725651274085976183e+01
1.988383422851562500e+03 8.332049513388192281e+02
1.988404235839843750e+03 5.770856926559936255e+02
1.988425109863281250e+03 6.878190474999137223e+02
1.988445922851562500e+03 3.419708822380052879e+02
1.988466735839843750e+03 -2.074508061993401498e+02
1.988487609863281250e+03 -1.326620606890646741e+02
1.988508422851562500e+03 5.665800832421518862e+01
1.988529235839843750e+03 8.565125374728813767e+01
1.988550109863281250e+03 -6.439745297093177214e+02
1.988570922851562500e+03 -2.545550946193980053e+02
1.988591735839843750e+03 4.357382346002850682e+01
1.988612609863281250e+03 2.977399782645516098e+02
1.988633422851562500e+03 6.193816047641448677e+02
1.988654235839843750e+03 9.350640179240144789e+01
1.988675109863281250e+03 1.429654858680441976e+02
1.988695922851562500e+03 4.351486571147106588e+02
1.988716735839843750e+03 5.638061765878228471e+02
1.988737609863281250e+03 5.932278928352752700e+02
1.988758422851562500e+03 4.347588659217581153e+02
1.988779235839843750e+03 8.525454660842660815e+02
1.988800109863281250e+03 8.471710194527404383e+02
1.988820922851562500e+03 4.526766391186974943e+02
1.988841735839843750e+03 7.810125673335278407e+02
1.988862609863281250e+03 7.380263518752763048e+02
1.988883422851562500e+03 3.491440508851082996e+02
1.988904235839843750e+03 1.279604733968153596e+01
1.988925109863281250e+03 3.783966964458813891e+02
1.988945922851562500e+03 -1.534561277144821361e+02
1.988966735839843750e+03 -6.116051790325436741e+02
1.988987548828125000e+03 -2.462815243187360466e+02
1.989008361816406250e+03 -2.257766407452290878e+02
1.989029235839843750e+03 2.720192954584490508e+02
1.989050048828125000e+03 -7.829807619447819889e+02
1.989070861816406250e+03 -3.029801312087802216e+02
1.989091735839843750e+03 -5.917817269600927830e+02
1.989112548828125000e+03 -3.025927971199853346e+02
1.989133361816406250e+03 -1.313996456610038877e+01
1.989154235839843750e+03 -2.213439152695937082e+02
1.989175069173177008e+03 -3.180670722117647529e+02
1.989195861816406250e+03 -4.146037867830600590e+02
1.989216735839843750e+03 1.855657557474914938e+02
1.989237548828125000e+03 -1.556272917682072148e+02
1.989258361816406250e+03 -2.105643884638557211e+02
1.989279235839843750e+03 -6.873773435887414962e+01
1.989300048828125000e+03 -6.415973295228322968e+02
1.989320861816406250e+03 -6.097006484490120783e+02
1.989341735839843750e+03 3.464186947548296303e+01
1.989362548828125000e+03 1.973910844280617312e+02
1.989383361816406250e+03 -2.847299918911885470e+02
1.989404235839843750e+03 -6.693664895480033010e+02
1.989425048828125000e+03 -9.430223686585668474e+01
1.989445861816406250e+03 -3.764460640028119087e+01
1.989466735839843750e+03 -4.955333109162747860e+02
1.989487548828125000e+03 -3.976038218790199608e+01
1.989508361816406250e+03 -4.606582751722307876e+02
1.989529235839843750e+03 -6.494336914706509560e+02
1.989550048828125000e+03 -5.286372400984400883e+02
1.989570861816406250e+03 -4.918185701704351231e+02
1.989591735839843750e+03 -1.014700477224541828e+02
1.989612548828125000e+03 -5.651561162351863459e+02
1.989633361816406250e+03 3.986851408648071811e+02
1.989654235839843750e+03 -2.935872682579793036e+02
1.989675048828125000e+03 -3.987208489156328142e+02
1.989695861816406250e+03 1.203233126263367012e+02
1.989716735839843750e+03 -2.061601123714353889e+02
1.989737548828125000e+03 5.625878169214120135e+02
1.989758361816406250e+03 -5.263308395629283041e+02
1.989779235839843750e+03 -1.521680965262930840e+01
1.989800048828125000e+03 -5.835504526621662080e+00
1.989820861816406250e+03 -1.284938306430121884e+02
1.989841735839843750e+03 -4.627451387156033888e+02
1.989862548828125000e+03 -5.203379554359707981e+02
1.989883361816406250e+03 -1.161188302447553724e+02
1.989904235839843750e+03 5.104443660196848214e+02
1.989925048828125000e+03 3.588367944021010771e+02
1.989945861816406250e+03 3.746075882702134550e+02
1.989966735839843750e+03 -5.724977890832815319e+01
1.989987548828125000e+03 5.958083437464665622e+01
1.990008361816406250e+03 2.607367526632733643e+02
1.990029235839843750e+03 -8.806594869177788496e+02
1.990050048828125000e+03 -3.020698962970636785e+02
1.990070861816406250e+03 -3.369523803156334907e+02
1.990091735839843750e+03 -3.777655499407555908e+02
1.990112548828125000e+03 -6.445833034904208034e+02
1.990133361816406250e+03 -8.858846177848754451e+02
1.990154235839843750e+03 -7.226672195787541568e+02
1.990175048828125000e+03 -4.648382918117567897e+01
1.990195861816406250e+03 4.494144469709135592e+01
1.990216735839843750e+03 2.477198035870678723e+02
1.990237548828125000e+03 -5.423103580099996179e+01
1.990258361816406250e+03 7.992764907830860466e+01
1.990279235839843750e+03 2.696599166863597929e+01
1.990300048828125000e+03 4.801643557443749160e+02
1.990320861816406250e+03 2.131879528290592134e+02
1.990341735839843750e+03 3.868896706077503040e+02
1.990362548828125000e+03 -3.948514112712582573e+02
1.990383361816406250e+03 -3.803880754741840065e+00
1.990404235839843750e+03 -1.955702738859690726e+01
1.990425048828125000e+03 1.025372860780917108e+02
1.990445861816406250e+03 -2.073451106457505375e+02
1.990466735839843750e+03 3.953899593615205958e+02
1.990487548828125000e+03 -5.031101202332647517e+02
1.990508361816406250e+03 3.226928312564268708e+00
1.990529235839843750e+03 5.292201876075705513e+02
1.990550048828125000e+03 3.188908083738060668e+02
1.990570861816406250e+03 9.956922460347414017e+01
1.990591735839843750e+03 2.353796022490132600e+02
1.990612548828125000e+03 7.897986180493608117e+02
1.990633361816406250e+03 1.047024366132216528e+03
1.990654235839843750e+03 2.918960044957930222e+02
1.990675048828125000e+03 1.123907569065922871e+03
1.990695861816406250e+03 1.174338361377012916e+03
1.990716735839843750e+03 1.467889592665014789e+02
1.990737548828125000e+03 1.631907821433851495e+02
1.990758361816406250e+03 1.303154291661921889e+02
1.990779235839843750e+03 -3.074239733562571928e+02
1.990800048828125000e+03 -3.745651903424877673e+02
1.990820861816406250e+03 -6.779456830578856170e+02
1.990841735839843750e+03 8.015853316197171807e+01
1.990862548828125000e+03 -2.252959228752879426e+02
1.990883361816406250e+03 -5.462977942278375849e+02
1.990904235839843750e+03 -5.271524582633282989e+02
1.990925048828125000e+03 1.151564828424016014e+02
1.990945861816406250e+03 -8.396674411487765610e+01
1.990966735839843750e+03 5.507559731515357271e+02
1.990987548828125000e+03 3.785330742445075884e+02
1.991008361816406250e+03 2.696428630517330021e+02
1.991029235839843750e+03 3.075062361215241253e+02
1.991050048828125000e+03 2.704927516103489324e+02
1.991070861816406250e+03 3.546964616945479065e+01
1.991091735839843750e+03 2.176933184347581118e+02
1.991112548828125000e+03 9.302796928260941058e+02
1.991133361816406250e+03 -2.612701102598803118e+02
1.991154235839843750e+03 5.549006021523382515e+01
1.991175048828125000e+03 8.461242306435015053e+02
1.991195861816406250e+03 7.150312507094349712e+01
1.991216735839843750e+03 4.560341219108086079e+02
1.991237548828125000e+03 -3.331024438827298582e+02
1.991258361816406250e+03 -6.154304034810047597e+01
1.991279235839843750e+03 5.807138460741844028e+02
1.991300048828125000e+03 1.459925455614458770e+03
1.991320861816406250e+03 5.985009212462464347e+02
1.991341735839843750e+03 6.454498501844936982e+02
1.991362548828125000e+03 -2.253208668654551730e+02
1.991383361816406250e+03 1.723972748746164143e+02
1.991404235839843750e+03 -8.013133128534536809e+02
1.991425048828125000e+03 -4.327797816892853007e+02
1.991445861816406250e+03 -3.936154634046833962e+02
1.991466735839843750e+03 -5.076704495006706566e+02
1.991487548828125000e+03 -1.024419497368624434e+03
1.991508361816406250e+03 -4.765840304471785203e+02
1.991529174804687500e+03 -8.254674411891028285e+02
1.991549987792968750e+03 -7.325007900359341875e+02
1.991570861816406250e+03 -2.972326535616302863e+02
1.991591674804687500e+03 -6.970785878308815882e+02
1.991612487792968750e+03 2.832566141617717221e+02
1.991633361816406250e+03 3.117371845697052777e+02
1.991654174804687500e+03 6.252847847165539861e+02
1.991674987792968750e+03 -3.039698119189124554e+02
1.991695861816406250e+03 -1.351611843499122187e+02
1.991716674804687500e+03 -3.393727732589468360e+02
1.991737487792968750e+03 1.347761973034357652e+02
1.991758361816406250e+03 3.521130481121363118e+02
1.991779174804687500e+03 5.038015703065320849e+02
1.991799987792968750e+03 3.852971370622981340e+01
1.991820861816406250e+03 -5.766358124655671418e+02
1.991841674804687500e+03 2.692445834582904354e+02
1.991862487792968750e+03 3.556570260155713186e+02
1.991883361816406250e+03 -4.821677706901682541e+02
1.991904174804687500e+03 4.820717878472059965e+02
1.991924987792968750e+03 1.824344327143626288e+02
1.991945861816406250e+03 8.622954575694166124e+01
1.991966674804687500e+03 -1.564077950521605089e+02
1.991987487792968750e+03 4.631243847616715357e+02
1.992008361816406250e+03 2.290973937351955101e+02
1.992029174804687500e+03 5.935341718618292361e+01
1.992049987792968750e+03 3.256791516250232235e+02
1.992070861816406250e+03 -3.932145511079579592e+01
1.992091674804687500e+03 -4.301853755499469116e+02
1.992112487792968750e+03 -1.602028121053008363e+02
1.992133361816406250e+03 -7.449639956774190068e+02
1.992154174804687500e+03 1.788022047067061067e+02
1.992174987792968750e+03 -7.127986540375277400e+02
1.992195861816406250e+03 -1.084441437205299735e+03
1.992216674804687500e+03 -3.174856380262644961e+02
1.992237487792968750e+03 -3.744145457039121538e+02
1.992258361816406250e+03 -9.034954435258405283e+02
1.992279174804687500e+03 -7.094621581189567223e+02
1.992299987792968750e+03 -3.800836960668675601e+02
1.992320861816406250e+03 -8.380357703589834273e+01
1.992341674804687500e+03 -5.821990930922329426e+02
1.992362487792968750e+03 -6.846900530358543620e+02
1.992383361816406250e+03 -1.055580412930576131e+03
1.992404174804687500e+03 2.152179660539841279e+02
1.992424987792968750e+03 -4.799313237775349990e+02
1.992445861816406250e+03 -9.384864222435280681e+02
1.992466674804687500e+03 -3.351277958288555965e+02
1.992487487792968750e+03 -3.183294684176798910e+02
1.992508361816406250e+03 4.684232155850622803e+01
1.992529174804687500e+03 2.452799274695571512e+02
1.992549987792968750e+03 -5.477042950654868037e+02
1.992570861816406250e+03 -3.712190418966347352e+02
1.992591674804687500e+03 -4.112289036787115037e+01
1.992612487792968750e+03 1.513290277153719217e+02
1.992633361816406250e+03 7.466639973246492445e+01
1.992654174804687500e+03 -7.843313577584922314e+01
1.992674987792968750e+03 -7.050194927724078298e+01
1.992695861816406250e+03 -2.186332470317138359e+02
1.992716674804687500e+03 -1.976946229808963835e+02
1.992737487792968750e+03 6.183457067600684240e+02
1.992758361816406250e+03 4.245560877738753334e+02
1.992779174804687500e+03 3.815571937444619834e+02
1.992799987792968750e+03 1.116086434280266985e+03
1.992820861816406250e+03 5.511718445410951972e+02
1.992841674804687500e+03 6.011460839678766206e+02
1.992862487792968750e+03 2.062967603370780125e+02
1.992883361816406250e+03 5.444096153497230262e+02
1.992904174804687500e+03 -9.845659568498376757e+01
1.992924987792968750e+03 -5.733269768306054175e+02
1.992945861816406250e+03 -4.970816724179312587e+02
1.992966674804687500e+03 -5.052038541738875210e+02
1.992987487792968750e+03 6.217853784381877631e+02
1.993008361816406250e+03 -9.201584290189202875e+02
1.993029174804687500e+03 -3.574703971105627716e+02
1.993049987792968750e+03 1.848949373512296006e+02
1.993070861816406250e+03 2.111068251406541094e+02
1.993091674804687500e+03 1.458720750617794693e+01
1.993112487792968750e+03 -2.236434430700028315e+02
1.993133361816406250e+03 1.483551784650189802e+02
1.993154174804687500e+03 5.001552647026255727e+01
1.993174987792968750e+03 7.549667442757636309e+02
1.993195861816406250e+03 -5.443454215722158551e+01
1.993216674804687500e+03 1.653992543108761311e+02
1.993237487792968750e+03 1.017210204064380378e+03
1.993258361816406250e+03 5.369317387012997642e+02
1.993279174804687500e+03 -6.901643805024214089e+02
1.993299987792968750e+03 -4.117813340866705403e+02
1.993320861816406250e+03 -2.655812832801602781e+02
1.993341674804687500e+03 -6.634949960371013731e+02
1.993362487792968750e+03 -8.770347141964593902e+02
1.993383361816406250e+03 -9.053402504385448992e+02
1.993404174804687500e+03 -7.009708002908155322e+02
1.993424987792968750e+03 4.829295016826363280e+02
1.993445861816406250e+03 -2.651496108343126252e+02
1.993466674804687500e+03 -7.467138537634164095e+02
1.993487487792968750e+03 -3.893190102651715279e+01
1.993508361816406250e+03 4.951096448454773054e+02
1.993529174804687500e+03 4.824727256668265909e+02
1.993549987792968750e+03 6.440196876011323184e+02
1.993570861816406250e+03 -4.015775392542127520e+01
1.993591674804687500e+03 2.349663737054215744e+02
1.993612487792968750e+03 1.964231034410186112e+02
1.993633361816406250e+03 -3.834907415634952486e+02
1.993654174804687500e+03 -7.348169833688298240e+02
1.993674987792968750e+03 -4.940150800505653024e+02
1.993695861816406250e+03 3.402131515777437016e+02
1.993716674804687500e+03 4.260974777331575751e+02
1.993737487792968750e+03 -1.666237957633566111e+02
1.993758361816406250e+03 -4.765721624071011320e+02
1.993779174804687500e+03 -8.475323018629569560e+01
1.993799987792968750e+03 -2.869197941698366776e+02
1.993820861816406250e+03 -3.156003958684159443e+02
1.993841674804687500e+03 -1.872713711463147774e+02
1.993862487792968750e+03 -8.360237287661293522e+02
1.993883361816406250e+03 -5.727547546124551445e+02
1.993904174804687500e+03 7.419116224395111203e+01
1.993924987792968750e+03 2.617593516551423818e+02
1.993945861816406250e+03 -8.481666583684273064e+01
1.993966674804687500e+03 -1.152162554374663159e+02
1.993987487792968750e+03 -1.226623788637807593e+02
1.994008361816406250e+03 -4.426680670935893431e+02
1.994029174804687500e+03 -6.769286861490691081e+02
1.994049987792968750e+03 -2.358806984847178683e+02
1.994070861816406250e+03 9.167635205795522779e+01
1.994091674804687500e+03 -5.188543732702964917e+02
1.994112487792968750e+03 1.985511747328564525e+01
1.994133361816406250e+03 -6.496918807632755488e+01
1.994154174804687500e+03 -3.239359367452561855e+01
1.994174987792968750e+03 -6.754300647230120376e+02
1.994195861816406250e+03 2.435655353580368683e+02
1.994216674804687500e+03 5.439972310629673302e+01
1.994237487792968750e+03 -5.452920299381949008e+02
1.994258361816406250e+03 2.816924057619180530e+02
1.994279174804687500e+03 2.587182075385935605e+02
1.994299987792968750e+03 -9.532374574278946966e+01
1.994320861816406250e+03 9.923690237838309258e+01
1.994341674804687500e+03 4.917624262856552377e+02
1.994362487792968750e+03 3.205916614405578002e+02
1.994383361816406250e+03 9.721784166245488450e+02
1.994404174804687500e+03 5.246207882687449455e+02
1.994424987792968750e+03 8.729751206031069160e+02
1.994445800781250000e+03 5.090817071219207719e+02
1.994466613769531250e+03 7.051059134630486369e+02
1.994487487792968750e+03 2.913571647956268862e+02
1.994508300781250000e+03 1.728762984583154321e+02
1.994529113769531250e+03 6.127614200974348933e+02
1.994549987792968750e+03 1.357909505789866671e+02
1.994570800781250000e+03 -1.061532601305516437e+02
1.994591613769531250e+03 -1.474688788619823754e+01
1.994612487792968750e+03 2.649360358318081126e+02
1.994633300781250000e+03 1.577423735514748842e+02
1.994654113769531250e+03 3.768389602500246838e+02
1.994674987792968750e+03 4.852991350941592827e+02
1.994695800781250000e+03 1.904465125339338556e+02
1.994716613769531250e+03 -9.691823957930319011e+01
1.994737487792968750e+03 1.059384817535174079e+03
1.994758300781250000e+03 2.262791578280739486e+02
1.994779113769531250e+03 1.176667858998058364e+03
1.994799987792968750e+03 2.051454313704743981e+01
1.994820800781250000e+03 6.204858426119899377e+02
1.994841613769531250e+03 -1.198808624579105526e+02
1.994862487792968750e+03 3.853358636035118252e+02
1.994883300781250000e+03 1.959797703928779811e+02
1.994904113769531250e+03 -2.813924146461067721e+02
1.994924987792968750e+03 -3.174272750981617719e+01
1.994945800781250000e+03 -3.677413832329912111e+02
1.994966613769531250e+03 -4.579529338255524635e+02
1.994987487792968750e+03 -8.630163876852020621e+02
1.995008300781250000e+03 -2.888477381647098809e+02
1.995029113769531250e+03 -9.371404935718746856e+02
1.995049987792968750e+03 -6.277899083644151688e+02
1.995070800781250000e+03 -4.066244954277062789e+02
1.995091613769531250e+03 -3.153408197039971128e+02
1.995112487792968750e+03 2.141008818447589874e+02
1.995133300781250000e+03 -5.367148867988726124e+02
1.995154113769531250e+03 1.647884231496136636e+02
1.995174987792968750e+03 -3.144164158846251667e+02
1.995195800781250000e+03 7.485324691785499454e+02
1.995216613769531250e+03 5.141942033153027296e+02
1.995237487792968750e+03 5.225447357292287052e+02
1.995258300781250000e+03 9.160822686739265919e+01
1.995279113769531250e+03 4.156506414051400498e+02
1.995299987792968750e+03 -1.235243159844540060e+02
1.995320800781250000e+03 -1.239313713187584653e+02
1.995341613769531250e+03 -1.099436382029671222e+01
1.995362487792968750e+03 -8.888287126033101231e+02
1.995383300781250000e+03 -8.936515511022880673e+02
1.995404113769531250e+03 -6.084971118778921664e+02
1.995424987792968750e+03 -2.702829679520800710e+02
1.995445800781250000e+03 -2.601706386089790612e+01
1.995466613769531250e+03 -4.167071362565038726e+02
1.995487487792968750e+03 5.455918605854967609e+02
1.995508300781250000e+03 4.690467427893308923e+02
1.995529113769531250e+03 -6.308314523422159255e+02
1.995549987792968750e+03 -7.180569469082402065e+02
1.995570800781250000e+03 2.842217121471185237e+01
1.995591613769531250e+03 -9.426173188362736255e+01
1.995612487792968750e+03 7.551673919043969363e+01
1.996924987792968750e+03 1.846125963947270066e+01
1.996945800781250000e+03 6.843710249244468287e+02
1.996966613769531250e+03 8.523623781295027584e+02
1.996987487792968750e+03 6.547015766031108797e+02
1.997008300781250000e+03 6.917545368073042482e+02
1.997029113769531250e+03 8.571390870857285336e+02
1.997049987792968750e+03 6.430713764522224665e+02
1.997070800781250000e+03 7.155053566205315292e+02
1.997091613769531250e+03 2.909459068229189143e+02
1.997112487792968750e+03 1.354985770070925355e+02
1.997133300781250000e+03 -9.071519962453749031e+01
1.997154113769531250e+03 7.785746768777025864e+02
1.997174987792968750e+03 -2.256966194917913526e+01
1.997195800781250000e+03 2.759001394573133439e+02
1.997216613769531250e+03 3.742399376038229093e+02
1.997237487792968750e+03 7.206843477038200945e+02
1.997258300781250000e+03 9.438829060591524467e+02
1.997279113769531250e+03 4.308920707394136116e+02
1.997299987792968750e+03 -3.612478654178557917e+02
1.997320800781250000e+03 1.232022530617541634e+03
1.997341613769531250e+03 1.814256625972921029e+02
1.997362487792968750e+03 8.687375866142101586e+02
1.997383300781250000e+03 5.820379512497456744e+02
1.997404113769531250e+03 1.018479563000262715e+03
1.997424987792968750e+03 4.425735483178868890e+01
1.997445800781250000e+03 1.363815284915035591e+02
1.997466613769531250e+03 8.895979436289053410e+01
1.997487487792968750e+03 1.984340737992897630e+01
1.997508300781250000e+03 -4.527627002543304116e+02
1.997529113769531250e+03 -9.685718173201894388e+02
1.997549987792968750e+03 3.881277111824601889e+00
1.997570800781250000e+03 -2.620295168060110882e+02
1.997591613769531250e+03 7.450945729739032686e+00
1.997612487792968750e+03 -5.503558357957517728e+02
1.997633300781250000e+03 3.184836107539013028e+00
1.997654113769531250e+03 7.213887618813896552e+02
1.997674987792968750e+03 4.454757264299551025e+02
1.997695800781250000e+03 -3.863203540486283600e+02
1.997716613769531250e+03 2.719004015494138002e+02
1.997737487792968750e+03 -2.322606977738905698e+02
1.997758300781250000e+03 5.209845796580193564e+02
1.997779113769531250e+03 5.763589852571021765e+01
1.997799987792968750e+03 8.681144727391656488e+02
1.997820800781250000e+03 9.118520032265223563e+01
1.997841613769531250e+03 2.366451258267043158e+02
1.997862487792968750e+03 2.495305072697810829e+02
1.997883300781250000e+03 -2.005925140806939453e+02
1.997904113769531250e+03 -1.276537465237779543e+02
1.997924987792968750e+03 2.011636329097673297e+02
1.997945800781250000e+03 5.959173695161007345e+01
1.997966613769531250e+03 5.033469040596392006e+02
1.997987487792968750e+03 2.388186831395141780e+02
1.998008300781250000e+03 -2.468126571071334183e+02
1.998029113769531250e+03 -2.644976446911459789e+02
1.998049987792968750e+03 4.029261792300967500e+02
1.998070800781250000e+03 5.042723537903511897e+02
1.998091613769531250e+03 9.820211890225764364e+02
1.998112426757812500e+03 3.534733039756538346e+02
1.998133239746093750e+03 3.484117572021204978e+02
1.998154113769531250e+03 -5.064137400455074385e+02
1.998174926757812500e+03 -2.277023834967985749e+01
1.998195739746093750e+03 -4.648416766553418711e+02
1.998216613769531250e+03 -3.930554477751720697e+02
1.998237426757812500e+03 -8.773061507883248851e+02
1.998258239746093750e+03 -3.623066247436217964e+02
1.998279113769531250e+03 -1.029872806828934699e+02
1.998299926757812500e+03 -2.376633796240203083e+02
1.998320739746093750e+03 -1.209280333772767335e+02
1.998341613769531250e+03 -6.643576587899588048e+02
1.998362426757812500e+03 -2.433130844719707966e+02
1.998383239746093750e+03 4.856625166481826454e+02
1.998404113769531250e+03 -8.213932822796050459e+01
1.998424926757812500e+03 -3.305876464257016778e+02
1.998445739746093750e+03 2.071430523236049339e+02
1.998466613769531250e+03 -5.692375415099086240e+02
1.998487426757812500e+03 -2.116542863616487011e+02
1.998508239746093750e+03 -7.335430822906782851e+02
1.998529113769531250e+03 -2.378783686726819724e+02
1.998549926757812500e+03 -7.696865227348171175e+02
1.998570739746093750e+03 -4.558767432492459193e+02
1.998591613769531250e+03 -8.121757946715224534e+02
1.998612426757812500e+03 -1.201186061868444085e+03
1.998633239746093750e+03 -5.492862944317748770e+02
1.998654113769531250e+03 -1.248911491118953563e+03
1.998674926757812500e+03 -8.989711112728109583e+02
1.998695739746093750e+03 -8.986452263928949833e+02
1.998716613769531250e+03 -9.319253216880606487e+02
1.998737426757812500e+03 -6.935694599418202415e+02
1.998758239746093750e+03 -4.640164438937790692e+01
1.998779113769531250e+03 -1.062666888191248290e+03
1.998799926757812500e+03 2.814489510934799910e+01
1.998820739746093750e+03 -2.519431251415517181e+01
1.998841613769531250e+03 -1.698256500213174149e+02
1.998862426757812500e+03 -3.096244496010476723e+02
1.998883239746093750e+03 -8.815847463756799698e+02
1.998904113769531250e+03 -6.193306366166798398e+02
1.998924926757812500e+03 -1.380586072301957756e+02
1.998945739746093750e+03 -1.037797902068821713e+03
1.998966613769531250e+03 -6.936123869861476123e+02
1.998987426757812500e+03 -2.820655979111324996e+02
1.999008239746093750e+03 -6.478193610606249422e+02
1.999029113769531250e+03 -4.540855210467707366e+02
1.999049926757812500e+03 -7.151663561686873436e+02
1.999070739746093750e+03 -2.918145482524996623e+02
1.999091613769531250e+03 5.152986466751899570e+02
1.999112426757812500e+03 7.284947825247654691e+02
1.999133239746093750e+03 3.996392546966671944e+01
1.999154113769531250e+03 -4.470229546092450619e+02
1.999174926757812500e+03 -4.615238923346623778e+02
1.999195739746093750e+03 -4.977033930856268853e+02
1.999216613769531250e+03 -2.420011549318442121e+02
1.999237426757812500e+03 3.352019629832357168e+02
1.999258239746093750e+03 5.670480833982583135e+01
1.999279113769531250e+03 1.834675720031373203e+02
1.999299926757812500e+03 1.118460094091715291e+02
1.999320739746093750e+03 -4.157112537696957588e+02
1.999341613769531250e+03 -4.712752529657445848e+02
1.999362426757812500e+03 -1.379732861394295469e+02
1.999383239746093750e+03 -3.321246293307049200e+02
1.999404113769531250e+03 -1.483548422472085804e+02
1.999424926757812500e+03 -5.986298734223237261e+02
1.999445739746093750e+03 4.762541362124029547e+02
1.999466613769531250e+03 5.111447001135675237e+02
1.999487426757812500e+03 -1.529278511845041066e+02
1.999508239746093750e+03 4.807617877243319526e+02
1.999529113769531250e+03 -4.125974634584272280e+02
1.999549926757812500e+03 4.662424093731679022e+02
1.999570739746093750e+03 2.801809762527700514e+02
1.999591613769531250e+03 -4.147860553944483399e+02
1.999612426757812500e+03 5.224458108454709873e+02
1.999633239746093750e+03 4.626401146891294047e+02
1.999654113769531250e+03 3.354398862071102485e+02
1.999674926757812500e+03 2.403783630338730291e+02
1.999695739746093750e+03 2.151371077465591952e+02
1.999716613769531250e+03 1.916401751203229651e+02
1.999737426757812500e+03 3.028343121315119788e+02
1.999758239746093750e+03 -1.042752834733109921e+02
1.999779113769531250e+03 -2.181068301463965327e+02
1.999799926757812500e+03 7.761751927889417857e+01
1.999820739746093750e+03 -2.108989184439415112e+02
1.999841613769531250e+03 5.065683559770695865e+01
1.999862426757812500e+03 -1.438869499925058335e+02
1.999883239746093750e+03 1.392800150974653661e+01
1.999904113769531250e+03 1.347192059818189591e+01
1.999924926757812500e+03 -1.419801368389744312e+01
1.999945739746093750e+03 1.222483577847015113e+02
1.999966613769531250e+03 -3.904130288189044222e+02
1.999987426757812500e+03 5.839126751886215061e+02
2.000008239746093750e+03 5.842563853424508125e+01
2.000029113769531250e+03 4.791446263146353886e+02
2.000049926757812500e+03 3.175320691888919100e+02
2.000070739746093750e+03 3.584199347528629005e+02
2.000091613769531250e+03 8.798102758022723719e+02
2.000112426757812500e+03 8.721710045274812728e+01
2.000133239746093750e+03 1.278546846065437421e+02
2.000154113769531250e+03 7.737096718669636175e+02
2.000174926757812500e+03 4.968194682024186477e+02
2.000195739746093750e+03 4.712588840505341068e+02
2.000216613769531250e+03 -2.633752655001590028e+02
2.000237426757812500e+03 1.162160993553930894e+03
2.000258239746093750e+03 5.282834653037134558e+02
2.000279113769531250e+03 -2.598276523861568421e+01
2.000299926757812500e+03 1.147823504953412339e+02
2.000320739746093750e+03 -7.093603537871968001e+01
2.000341613769531250e+03 -8.163985238203313202e+02
2.000362426757812500e+03 -8.143777945454930887e+02
2.000383239746093750e+03 -7.495485879145562649e+02
2.000404113769531250e+03 -6.574761802582070231e+02
2.000424926757812500e+03 2.068700849235756323e+02
2.000445739746093750e+03 -5.232736706240102649e+02
2.000466613769531250e+03 -3.021343423622893170e+02
2.000487426757812500e+03 3.211570794912986457e+02
2.000508239746093750e+03 -3.262574673545313999e+02
2.000529113769531250e+03 -3.512757870054338127e+01
2.000549926757812500e+03 2.642575052044121549e+02
2.000570739746093750e+03 4.144114710588473827e+02
2.000591613769531250e+03 -6.833288874791469425e+01
2.000612426757812500e+03 2.146936591030098498e+02
2.000633239746093750e+03 -2.630060661872848868e+02
2.000654113769531250e+03 1.203092893621651456e+02
2.000674926757812500e+03 3.846489117820747197e+02
2.000695739746093750e+03 -1.361635514340596274e+02
2.000716613769531250e+03 2.918023139471188188e+01
2.000737426757812500e+03 1.690923651204211637e+02
2.000758239746093750e+03 -1.260739689611364156e+01
2.000779113769531250e+03 -3.909648944879882038e+02
2.000799926757812500e+03 3.602290906751295552e+02
2.000820739746093750e+03 -5.967927175667136908e+01
2.000841613769531250e+03 -2.555169002190232277e+02
2.000862426757812500e+03 1.149228044799529016e+02
2.000883239746093750e+03 4.610178276211954653e+02
2.000904113769531250e+03 1.635271276524290442e+02
2.000924926757812500e+03 1.165377503652242012e+03
2.000945739746093750e+03 2.881374117976520211e+01
2.000966613769531250e+03 2.633728424635482952e+02
2.000987426757812500e+03 6.388721238393336535e+02
2.001008239746093750e+03 3.434504476784495637e+02
2.001029113769531250e+03 8.786457354794256389e+02
2.001049926757812500e+03 8.774595919024432078e+02
2.001070739746093750e+03 -2.917546339519321918e+02
2.001091613769531250e+03 6.514090702176326886e+02
2.001112426757812500e+03 1.465587682200013660e+03
2.001133239746093750e+03 4.558889287502970546e+02
2.001154113769531250e+03 3.029634827231056988e+02
2.001174926757812500e+03 5.916620034212246537e+01
2.001195739746093750e+03 6.453805890757357702e+02
2.001216613769531250e+03 3.379531279805814847e+02
2.001237426757812500e+03 2.184023570364806801e+02
2.001258239746093750e+03 1.365137858097441494e+02
2.001279113769531250e+03 -4.598616910005221143e+02
2.001299926757812500e+03 -3.488447287508752197e+02
2.001320739746093750e+03 2.423749271964188665e+02
2.001341613769531250e+03 1.026860090936534107e+02
2.001362426757812500e+03 -5.985168575198622420e+02
2.001383239746093750e+03 9.201637439823243767e+02
2.001404113769531250e+03 3.596127441900316626e+02
2.001424926757812500e+03 1.704814550641458482e+02
2.001445739746093750e+03 -4.838847395601915196e+02
2.001466613769531250e+03 -1.253531835152534768e+02
2.001487426757812500e+03 1.182893506147665903e+02
2.001508239746093750e+03 -6.999340452766045928e+01
2.001529113769531250e+03 -4.604898959454149008e+02
2.001549926757812500e+03 -5.512542086879257113e+02
2.001570739746093750e+03 3.355323915020562708e+00
2.001591613769531250e+03 -3.744583072628593072e+02
2.001612426757812500e+03 -1.042182429754640907e+03
2.001633239746093750e+03 -1.859184575498802587e+02
2.001654113769531250e+03 -4.366857479885220528e+01
2.001674926757812500e+03 -1.408865455579943955e+02
2.001695739746093750e+03 -1.744660423635505140e+02
2.001716613769531250e+03 -8.265664560684235767e+02
2.001737426757812500e+03 1.197115722704911605e+02
2.001758239746093750e+03 -1.135147211710806005e+03
2.001779113769531250e+03 -8.010610744706355035e+00
2.001799926757812500e+03 -8.791719212270108983e+02
2.001820739746093750e+03 -9.300553850666619837e+01
2.001841613769531250e+03 -2.241729286360787228e+02
2.001862426757812500e+03 -1.763716968848602846e+02
2.001883239746093750e+03 -4.553541819123784080e+02
2.001904113769531250e+03 -6.434683407259872183e+02
2.001924926757812500e+03 -4.527549958504969254e+02
2.001945739746093750e+03 -7.536203193590044975e+02
2.001966613769531250e+03 -1.158862889768905006e+03
2.001987426757812500e+03 -8.856918172303121537e+02
2.002008239746093750e+03 -9.408967660486232489e+02
2.002029113769531250e+03 -5.706117027187719941e+02
2.002049926757812500e+03 -1.705768098501721397e+02
2.002070739746093750e+03 -7.406650951064657420e+02
2.002091613769531250e+03 -4.342204210867639631e+02
2.002112426757812500e+03 -2.773351201597834006e+02
2.002133239746093750e+03 -1.037678673323243856e+02
2.002154113769531250e+03 -8.029576633800752461e+01
2.002174926757812500e+03 5.620737466390710324e+01
2.002195739746093750e+03 1.127397280848817900e+02
2.002216613769531250e+03 -1.029487013247562572e+02
2.002237426757812500e+03 -2.433752477181842551e+02
2.002258239746093750e+03 3.042763869902119040e+02
2.002279113769531250e+03 2.665478449123911560e+02
2.002299926757812500e+03 -1.924033003976801410e+02
2.002320739746093750e+03 7.470091764574171975e+02
2.002341613769531250e+03 -2.571288511727470905e+01
2.002362426757812500e+03 5.700583931895671412e+02
2.002383239746093750e+03 1.002034926820779219e+02
2.002404113769531250e+03 3.742064422694966197e+01
2.002424926757812500e+03 -4.887811344920191914e+02
2.002445739746093750e+03 -5.370071570277214050e+02
2.002466613769531250e+03 1.086071114822989330e+02
2.002487426757812500e+03 6.732019058614969254e+02
2.002508239746093750e+03 -2.086445867459988222e+02
2.002529113769531250e+03 -1.856699298605090007e+02
2.002549926757812500e+03 -2.476849778292234987e+02
2.002570739746093750e+03 2.109217386009404436e+02
2.002591613769531250e+03 8.201112649519927800e+00
2.002612426757812500e+03 -2.635146406785352156e+02
2.002633239746093750e+03 5.961032784202834591e+02
2.002654113769531250e+03 3.777639421938220039e+02
2.002674926757812500e+03 5.492308802113402635e+02
2.002695739746093750e+03 -7.242367231636308134e+00
2.002716613769531250e+03 -2.816122731508221477e+01
2.002737426757812500e+03 -1.875225382042117417e+01
2.002758239746093750e+03 -6.369476806801976636e+02
2.002779052734375000e+03 -1.465555521899368614e+02
2.002799865722656250e+03 -3.211789079236332327e+02
2.002820739746093750e+03 -4.887530018341494724e+02
2.002841552734375000e+03 -9.889505024262471125e+02
2.002862365722656250e+03 4.828051576645812020e+02
2.002883239746093750e+03 2.274757407128345221e+01
2.002904052734375000e+03 6.486004435595823452e+02
2.002924865722656250e+03 1.804412997904000804e+02
2.002945739746093750e+03 2.859601562330499291e+02
2.002966552734375000e+03 -5.304884923142381012e+02
2.002987365722656250e+03 1.212429656255990267e+02
2.003008239746093750e+03 -6.905114019627217203e+01
2.003029052734375000e+03 7.571811328432522714e+01
2.003049865722656250e+03 1.541774095513392240e+01
2.003070739746093750e+03 -2.301613319725729525e+02
2.003091552734375000e+03 5.000512423277832568e+02
2.003112365722656250e+03 -7.960236369865015149e+00
2.003133239746093750e+03 3.484959067971212789e+02
2.003154052734375000e+03 1.118702464002417400e+02
2.003174865722656250e+03 -1.705703499270603061e+02
2.003195739746093750e+03 -6.612791474862024188e+01
2.003216573079427008e+03 3.542801850312389433e+01
2.003237365722656250e+03 1.368070915121352300e+02
2.003258239746093750e+03 4.557402341060806066e+02
2.003279052734375000e+03 -4.562345947267021984e+01
2.003299865722656250e+03 -5.343031070498982444e+02
2.003320739746093750e+03 -4.033800679579144344e+02
2.003341552734375000e+03 -5.269361350963590667e+02
2.003362365722656250e+03 -6.158862044285051525e+02
2.003383239746093750e+03 -5.325772815831005573e+02
2.003404052734375000e+03 3.730325903403572738e+02
2.003424865722656250e+03 1.965309893833473325e+02
2.003445739746093750e+03 4.602265459891641513e+02
2.003466552734375000e+03 1.234604637930169702e+02
2.003487365722656250e+03 4.464925685953348875e+02
2.003508239746093750e+03 1.716286234429571778e+02
2.003529052734375000e+03 4.309692189720226452e+02
2.003549865722656250e+03 2.849091748237842694e+02
2.003570739746093750e+03 6.430146848340518773e+01
2.003591552734375000e+03 5.068381401248043403e+02
2.003612365722656250e+03 3.274469703547656536e+02
2.003633239746093750e+03 4.826212202676106244e+02
2.003654052734375000e+03 2.314530356226023287e+02
2.003674865722656250e+03 -2.312228957591578364e+02
2.003695739746093750e+03 4.876087477500550449e+01
2.003716552734375000e+03 -2.499950925579760224e+02
2.003737365722656250e+03 2.707426746819401160e+02
2.003758239746093750e+03 7.293752264120848849e+02
2.003779052734375000e+03 4.185717256404459476e+02
2.003799865722656250e+03 2.531009331727400422e+02
2.003820739746093750e+03 8.428896371398586780e+02
2.003841552734375000e+03 1.410226141188759357e+02
2.003862365722656250e+03 3.161901047563878819e+02
2.003883239746093750e+03 1.857367557811085135e+01
2.003904052734375000e+03 -2.223537455062614754e+02
2.003924865722656250e+03 -4.532509858886478469e+02
2.003945739746093750e+03 -3.049451016664970666e+02
2.003966552734375000e+03 -8.342948186219437048e+02
2.003987365722656250e+03 -1.039429161409731023e+03
2.004008239746093750e+03 -6.532310623967787251e+02
2.004029052734375000e+03 -3.485966546250274405e+02
2.004049865722656250e+03 -5.023524858660530299e+02
2.004070739746093750e+03 -2.996386453800369054e+02
2.004091552734375000e+03 -2.035991408295230940e+02
2.004112365722656250e+03 -3.761746046578045934e+02
2.004133239746093750e+03 -1.487523544619325548e+02
2.004154052734375000e+03 1.510438795282971114e+02
2.004174865722656250e+03 1.271111275528091937e+02
2.004195739746093750e+03 -3.931913262079469860e+02
2.004216552734375000e+03 3.418360812121536583e+02
2.004237365722656250e+03 7.530880553496535867e+01
2.004258239746093750e+03 3.960739379521692172e+02
2.004279052734375000e+03 7.103653709035133943e+02
2.004299865722656250e+03 6.132371670139255002e+02
2.004320739746093750e+03 5.045253012661123648e+02
2.004341552734375000e+03 -4.168271963752340525e+01
2.004362365722656250e+03 -4.015615565180778503e+02
2.004383239746093750e+03 2.202202054787194356e+02
2.004404052734375000e+03 -3.154389555894304067e+02
2.004424865722656250e+03 -6.978920907442225143e+02
2.004445739746093750e+03 1.714217068383004516e+01
2.004466552734375000e+03 -4.395204850672744215e+02
2.004487365722656250e+03 -4.721900557210901752e+02
2.004508239746093750e+03 -2.957924474840983748e+02
2.004529052734375000e+03 -4.631508316074032336e+02
2.004549865722656250e+03 9.633475795411504805e+01
2.004570739746093750e+03 4.646579064852558076e+02
2.004591552734375000e+03 2.109556012597167864e+02
2.004612365722656250e+03 -1.987639856028836221e+02
2.004633239746093750e+03 2.292752327013295144e+02
2.004654052734375000e+03 3.982388908594148234e+02
2.004674865722656250e+03 4.840846880971221253e+02
2.004695739746093750e+03 9.333194114457583055e+02
2.004716552734375000e+03 3.040683501602616161e+02
2.004737365722656250e+03 4.761282827832037583e+02
2.004758239746093750e+03 6.490319939638720825e+02
2.004779052734375000e+03 1.799146756774280220e+02
2.004799865722656250e+03 6.502019235966727138e+02
2.004820739746093750e+03 9.857663168208673596e+02
2.004841552734375000e+03 7.092838884878437966e+02
2.004862365722656250e+03 5.530990984779782593e+02
2.004883239746093750e+03 3.214555482188006863e+02
2.004904052734375000e+03 6.083511156640015543e+02
2.004924865722656250e+03 8.931011266792193055e+02
2.004945739746093750e+03 1.087632191804354079e+03
2.004966552734375000e+03 6.016703398678218946e+02
2.004987365722656250e+03 -2.177251449377508834e+02
2.005008239746093750e+03 5.213918820325052366e+02
2.005029052734375000e+03 1.226232737334212288e+02
2.005049865722656250e+03 4.109516494300914928e+02
2.005070739746093750e+03 7.292941093281842768e+01
2.005091552734375000e+03 2.373832737082848325e+02
2.005112365722656250e+03 -4.217789701172150671e+02
2.005133239746093750e+03 7.784809506390010938e+02
2.005154052734375000e+03 7.792897972650825977e+01
2.005174865722656250e+03 -2.350526331238215789e+02
2.005195739746093750e+03 -5.693161803439725190e+02
2.005216552734375000e+03 -1.784637910614255816e+02
2.005237365722656250e+03 -3.261233432653825730e+02
2.005258239746093750e+03 -3.527059345704037696e+02
2.005279052734375000e+03 -7.609942959046456963e+02
2.005299865722656250e+03 6.855719916406087577e+00
2.005320739746093750e+03 -8.737455468565458432e+02
2.005341552734375000e+03 -5.071037530225003138e+02
2.005362365722656250e+03 3.044054705257294700e+02
2.005383239746093750e+03 -2.703904985450208187e+00
2.005404052734375000e+03 -1.336044739047065377e+02
2.005424865722656250e+03 3.144408791767200455e+02
2.005445739746093750e+03 -1.581166497070807964e+01
2.005466552734375000e+03 -8.676970613189041615e+01
2.005487365722656250e+03 -5.050430677738040686e+01
2.005508239746093750e+03 -1.530501958469394594e+02
2.005529052734375000e+03 -8.275327417312655598e+02
2.005549865722656250e+03 4.807264043807517737e+02
2.005570739746093750e+03 3.970211338379886001e+01
2.005591552734375000e+03 3.955837181018432602e+02
2.005612365722656250e+03 3.124928374433657154e+02
2.005633239746093750e+03 4.718505639255745336e+02
2.005654052734375000e+03 8.646139803109690547e+02
2.005674865722656250e+03 9.091036446550861001e+02
2.005695739746093750e+03 5.943387275817804039e+02
2.005716552734375000e+03 3.766657887741457671e+02
2.005737365722656250e+03 5.635437581253936514e+02
2.005758239746093750e+03 -4.653191443445393816e+02
2.005779052734375000e+03 -1.652212106174556538e+02
2.005799865722656250e+03 -4.601028204740723595e+02
2.005820739746093750e+03 -5.930395813978975639e+02
2.005841552734375000e+03 -5.247597106557805091e+01
2.005862365722656250e+03 4.718610411911504343e+02
2.005883239746093750e+03 8.829366180533543229e+01
2.005904052734375000e+03 1.365151533263269812e+02
2.005924865722656250e+03 7.237399930460378528e+01
2.005945739746093750e+03 5.221299043460749090e+01
2.005966552734375000e+03 5.731105258562602103e+02
2.005987365722656250e+03 2.583680576176848263e+02
2.006008239746093750e+03 4.924617233680328354e+02
2.006029052734375000e+03 9.978577186283655465e+02
2.006049865722656250e+03 3.608315639985958114e+02
2.006070739746093750e+03 7.642665758352959529e+02
2.006091552734375000e+03 3.462263997169211507e+02
2.006112365722656250e+03 8.925974321796093136e+02
2.006133239746093750e+03 -2.046533537290524691e+02
2.006154052734375000e+03 4.692633063765242696e+00
2.006174865722656250e+03 3.360842740503139794e+02
2.006195739746093750e+03 -1.660251418686239049e+02
2.006216552734375000e+03 4.332153179384768009e+02
2.006237365722656250e+03 -5.989384035562397912e+02
2.006258239746093750e+03 -1.459036682911682874e+02
2.006279052734375000e+03 -5.680032011845614761e+02
2.006299865722656250e+03 -1.148841872591525316e+03
2.006320739746093750e+03 -6.842192064499249682e+02
2.006341552734375000e+03 -9.448813876451458782e+02
2.006362365722656250e+03 -2.380865252072690055e+02
2.006383239746093750e+03 -9.598184633945347741e+02
2.006404052734375000e+03 -6.707777202011784539e+02
2.006424865722656250e+03 2.929853734222706407e+01
2.006445739746093750e+03 1.417744455444626510e+02
2.006466552734375000e+03 3.702103323440533131e+02
2.006487365722656250e+03 6.669143816236173734e+02
2.006508239746093750e+03 -2.303798395721241832e+01
2.006529052734375000e+03 1.349348090537823737e+02
2.006549865722656250e+03 1.149257781324093230e+03
2.006570739746093750e+03 8.840362285029841587e+02
2.006591552734375000e+03 -1.470771791660226882e+02
2.006612365722656250e+03 7.829345536250621080e+02
2.006633239746093750e+03 5.972474350889679044e+02
2.006654052734375000e+03 4.422809934419346973e+02
2.006674865722656250e+03 2.876134165225084871e+02
2.006695739746093750e+03 1.266722850579419173e+03
2.006716552734375000e+03 1.037091226979857311e+03
2.006737365722656250e+03 4.744795929166721180e+02
2.006758239746093750e+03 9.906643331139348447e+02
2.006779052734375000e+03 4.468554880556184798e+02
2.006799865722656250e+03 5.681072892203228548e+02
2.006820739746093750e+03 -5.564843962419545278e+02
2.006841552734375000e+03 1.810887332200072706e+02
2.006862365722656250e+03 -3.663971264101564884e+01
2.006883239746093750e+03 -3.613242769031785429e+02
2.006904052734375000e+03 -3.939259034281130880e+02
2.006924865722656250e+03 -5.816919660172425210e+01
2.006945739746093750e+03 -2.575557922355365008e+02
2.006966552734375000e+03 7.117607799690449610e+02
2.006987365722656250e+03 4.078206884277751669e+02
2.007008239746093750e+03 -4.336676102044293657e+02
2.007029052734375000e+03 -7.505200435243314132e+02
2.007049865722656250e+03 4.366637407263042405e+02
2.007070739746093750e+03 6.547786638140678406e+02
2.007091552734375000e+03 -4.333291959419148043e+02
2.007112365722656250e+03 -5.768095075851306319e+00
2.007133239746093750e+03 -2.510933438142528757e+02
2.007154052734375000e+03 -7.512222083273809403e+01
2.007174865722656250e+03 -9.575166074412409216e+02
2.007195739746093750e+03 -2.384637661608867347e+02
2.007216552734375000e+03 -3.017814139918191358e+02
2.007237365722656250e+03 -4.327223709014942870e+02
2.007258239746093750e+03 -5.757526832530274987e+02
2.007279052734375000e+03 -1.761386681406293064e+02
2.007299865722656250e+03 1.355336729235714301e+02
2.007320739746093750e+03 1.732915612057549879e+02
2.007341552734375000e+03 3.321607956577790901e+02
2.007362365722656250e+03 -1.894141304219374433e+02
2.007383239746093750e+03 -7.310712752281688154e+01
2.007404052734375000e+03 2.499781716240104288e+02
2.007424865722656250e+03 1.112498631817288697e+00
2.007445739746093750e+03 1.152110783300828189e+03
2.007466552734375000e+03 9.107550642755813897e+02
2.007487365722656250e+03 3.054807021344313398e+02
2.007508239746093750e+03 7.356102432378102094e+02
2.007529052734375000e+03 3.517219016213202849e+02
2.007549865722656250e+03 -2.926378980849403888e+02
2.007570739746093750e+03 -4.947305409056134522e+02
2.007591552734375000e+03 9.262605421320768073e+02
2.007612365722656250e+03 2.250379734428133816e+02
2.007633239746093750e+03 1.319321570218307897e+02
2.007654052734375000e+03 -1.018171902372268960e+02
2.007674865722656250e+03 -4.804043880978133529e+02
2.007695739746093750e+03 -1.231661528663244098e+02
2.007716552734375000e+03 -1.409485469820094295e+03
2.007737365722656250e+03 -2.425041170798940584e+02
2.007758239746093750e+03 4.693261853163130581e+01
2.007779052734375000e+03 -7.493463359563611448e+02
2.007799865722656250e+03 -9.900203474565641955e+02
2.007820739746093750e+03 1.947498993856133893e+02
2.007841552734375000e+03 -2.722271429115207866e+02
2.007862365722656250e+03 3.520374186633853242e+02
2.007883239746093750e+03 -3.660444525827188045e+01
2.007904052734375000e+03 -1.758294712007045746e+01
2.007924865722656250e+03 -1.308967800471000373e+02
2.007945739746093750e+03 -4.325466258288361132e+01
2.007966552734375000e+03 2.608955436157993972e+02
2.007987365722656250e+03 -3.488506700529251248e+01
2.008008239746093750e+03 2.960407042979495600e+02
2.008029052734375000e+03 -3.210052194870077074e+02
2.008049865722656250e+03 -1.208232696825172752e+03
2.008070739746093750e+03 7.493740824563428760e+01
2.008091552734375000e+03 -8.566356237770523876e+02
2.008112365722656250e+03 -1.034813842834904790e+03
2.008133239746093750e+03 -8.092213874896988273e+02
2.008154052734375000e+03 3.756103263760451227e+01
2.008174865722656250e+03 -3.088026336877373978e+02
2.008195739746093750e+03 -3.180667219287715852e+02
2.008216552734375000e+03 7.769514452354051173e+02
2.008237365722656250e+03 7.681988663356751204e+02
2.008258239746093750e+03 -1.203964995703427121e+02
2.008279052734375000e+03 2.798598417289322242e+02
2.008299865722656250e+03 6.905302266858052462e+01
2.008320739746093750e+03 7.268163240642752498e+02
2.008341552734375000e+03 2.129317069147946313e+02
2.008362365722656250e+03 1.135780353118898347e+02
2.008383239746093750e+03 1.053789839963428676e+01
2.008404052734375000e+03 -3.454499062887625769e+02
2.008424865722656250e+03 -7.316606628566514701e+02
2.008445739746093750e+03 -2.994556529924739152e+02
2.008466552734375000e+03 -6.386919438958866522e+02
2.008487365722656250e+03 4.646034940831596032e+02
2.008508239746093750e+03 1.077405702880816534e+03
2.008529052734375000e+03 4.833252394301816821e+02
2.008549865722656250e+03 -1.925144561505876482e+02
2.008570739746093750e+03 1.271020874260226265e+03
2.008591552734375000e+03 9.675030612059636042e+02
2.008612365722656250e+03 6.712729430196341127e+02
2.008633239746093750e+03 5.835583161938702688e+02
2.008654052734375000e+03 8.419074783034157008e+02
2.008674865722656250e+03 2.288184791581006721e+02
2.008695739746093750e+03 1.016985134507995099e+02
2.008716552734375000e+03 -5.616511906452942640e+02
2.008737365722656250e+03 -2.142156025447184220e+02
2.008758239746093750e+03 6.789601182157639414e+02
2.008779052734375000e+03 1.399860620578983799e+02
2.008799865722656250e+03 5.802581146114971489e+01
2.008820739746093750e+03 -3.822335004714550450e+02
2.008841552734375000e+03 5.688044533986831084e+02
2.008862365722656250e+03 4.797056079215835780e+02
2.008883239746093750e+03 1.513916009023087099e+02
2.008904052734375000e+03 -4.980595582311507314e+02
2.008924865722656250e+03 4.744983693147078156e+02
2.008945739746093750e+03 4.796440044484334067e+02
2.008966552734375000e+03 -8.921096512768417597e+01
2.008987365722656250e+03 1.693568253587000072e+02
2.009008239746093750e+03 -3.384538968459237367e+02
2.009029052734375000e+03 -3.848999059554189444e+02
2.009049865722656250e+03 -2.752632089663529769e+02
2.009070739746093750e+03 -1.767499582687160000e+02
2.009091552734375000e+03 -4.761916964084375650e+02
2.009112365722656250e+03 -8.160758143020793796e+02
2.009133239746093750e+03 3.126246367089916021e+02
2.009154052734375000e+03 -6.069539457135833800e+02
2.009174865722656250e+03 2.474115306221647188e+02
2.009195739746093750e+03 9.212584643310401589e+01
2.009216552734375000e+03 5.606022705486975610e+02
2.009237365722656250e+03 -1.406089049153961241e+02
2.009258239746093750e+03 -4.026966303098015487e+01
2.009279052734375000e+03 -2.843917116036172956e+02
