2.718650516324663386e+03 5.339575312903616577e+01
2.718671349657996871e+03 -4.687820283016189933e+02
2.718692182991330355e+03 2.383237173459492624e+02
2.718713016324663386e+03 7.771719386312179267e+01
2.718733849657996871e+03 2.566048743552528322e+00
2.718754682991330355e+03 4.285744256188627332e+02
2.718775516324663386e+03 8.789264056320535019e+02
2.718796349657996871e+03 4.805707289497368038e+02
2.718817182991330355e+03 -2.065569842925760895e+02
2.718838016324663386e+03 7.250315429263282567e+02
2.718858849657996871e+03 7.076067174152703956e+02
2.718879682991330355e+03 4.451699471980100498e+02
2.718900516324663386e+03 5.992562702003633603e+02
2.718921349657996871e+03 1.406442411342053674e+03
2.718942182991330355e+03 -2.536943969829007983e+01
2.718963016324663386e+03 9.828160119035746902e+02
2.718983849657996871e+03 3.801972296568565071e+02
2.719004682991330355e+03 1.623291127074044198e+02
2.719025516324663386e+03 -8.086049339093733579e+01
2.719046349657996871e+03 2.968435916842427105e+02
2.719067182991330355e+03 2.429683098569512367e+00
2.719088016324663386e+03 -7.676708026706473902e+02
2.719108849657996871e+03 -9.723583739290479571e+02
2.719129682991330355e+03 -3.016231479495763779e+01
2.719150516324663386e+03 -2.501973106212681159e+02
2.719171349657996871e+03 -9.414930644525447860e+02
2.719192182991330355e+03 -7.753233117797644809e+02
2.719213016324663386e+03 1.944618549161823466e+02
2.719233849657996871e+03 9.760379680385813117e+01
2.719254682991330355e+03 3.213584772555623204e+01
2.719275516324663386e+03 7.038458346971310675e+02
2.719296349657996871e+03 4.962744194620754570e+02
2.719317182991330355e+03 6.493638128762831911e+02
2.719338016324663386e+03 -1.915886201313696802e+02
2.719358849657996871e+03 5.360648434875765815e+02
2.719379682991330355e+03 6.617325022730510682e+02
2.719400516324663386e+03 2.729381846163887531e+02
2.719421349657996871e+03 -2.516601959239924327e+02
2.719442182991330355e+03 2.421424911823123693e+01
2.719463016324663386e+03 -7.961009291658410802e+02
2.719483849657996871e+03 6.155046654259786010e+01
2.719504682991330355e+03 1.501792839294066653e+02
2.719525516324663386e+03 -5.481150061055086553e+02
2.719546349657996871e+03 -9.061985123055055737e+02
2.719567182991330355e+03 1.543570054322481155e+01
2.719588016324663386e+03 -1.020031858455389738e+03
2.719608849657996871e+03 -2.574374211053363979e+02
2.719629682991330355e+03 8.707798499602358788e+01
2.719650516324663386e+03 -4.303481754614040256e+02
2.719671349657996871e+03 -1.428493850180879235e+03
2.719692182991330355e+03 -1.257090603847405873e+03
2.719713016324663386e+03 -1.190871036924421787e+03
2.719733849657996871e+03 -9.012047648369334638e+02
2.719754682991330355e+03 -1.226594478537794203e+03
2.719775516324663386e+03 -1.634576581962173805e+03
2.719796349657996871e+03 -1.010167187329381704e+03
2.719817182991330355e+03 -1.528137645742390305e+03
2.719838016324663386e+03 -1.415823942405986600e+03
2.719858849657996871e+03 -1.468841929539688863e+03
2.719879682991330355e+03 -1.074582708387752064e+03
2.719900516324663386e+03 -6.724731459582690150e+02
2.719921349657996871e+03 -1.078094760159496218e+03
2.719942182991330355e+03 -8.061240518583217636e+02
2.719963016324663386e+03 -1.384152553489780985e+03
2.719983849657996871e+03 -3.467750549842603505e+02
2.720004682991330355e+03 -4.473142088251188397e+02
2.720025516324663386e+03 2.805789808164117858e+02
2.720046349657996871e+03 -1.990331306392326951e+02
2.720067182991330355e+03 1.864306348058162257e+02
2.720088016324663386e+03 3.598325076367473230e+02
2.720108849657996871e+03 -1.813872186578810215e+02
2.720129682991330355e+03 -1.212389426892623305e+02
2.720150516324663386e+03 5.256910944392438978e+02
2.720171349657996871e+03 3.773759791944175959e+02
2.720192182991330355e+03 2.331517144225072116e+02
2.720213016324663386e+03 -9.766479264410445467e+02
2.720233849657996871e+03 -5.187549272227333859e+02
2.720254682991330355e+03 -2.966638259514002129e+02
2.720275516324663386e+03 -3.477565634801285341e+02
2.720296349657996871e+03 1.676643492388539016e+02
2.720317182991330355e+03 4.955310034628491849e+02
2.720338016324663386e+03 -7.423895428136456758e+02
2.720358849657996871e+03 -1.766662704608170316e+02
2.720379682991330355e+03 2.555693558360217139e+02
2.720400516324663386e+03 1.007579815002740361e+03
2.720421349657996871e+03 3.731667586163384840e+02
2.720442182991330355e+03 5.515919203724479303e+02
2.720463016324663386e+03 9.908651708728866652e+02
2.720483849657996871e+03 7.502715360833099112e+02
2.720504682991330355e+03 8.823569190058624372e+02
2.720525516324663386e+03 7.022855063552269712e+02
2.720546349657996871e+03 3.824010360421380028e+02
2.720567182991330355e+03 8.465913521697511896e+02
2.720588016324663386e+03 6.622902389359660447e+02
2.720608849657996871e+03 9.637873881978448480e+02
2.720629682991330355e+03 4.839123347855638713e+01
2.720650516324663386e+03 7.905741285792319104e+02
2.720671349657996871e+03 8.468506585928844288e+02
2.720692182991330355e+03 2.955742422305047512e+01
2.720713016324663386e+03 7.698774061320582405e+02
2.720733849657996871e+03 -2.139780801713932306e+02
2.720754682991330355e+03 6.257721520937047899e+01
2.720775516324663386e+03 -4.250568078375654295e+02
2.720796349657996871e+03 -5.428125416836701334e+02
2.720817182991330355e+03 -1.956346623952267691e+02
2.720838016324663386e+03 -4.330625692150788382e+02
2.720858849657996871e+03 -6.628870561544317752e+01
2.720879682991330355e+03 -6.017951300949789584e+00
2.720900516324663386e+03 2.179911620507482439e+02
2.720921349657996871e+03 2.535351911163888872e+01
2.720942182991330355e+03 -4.441440380751155317e+02
2.720963016324663386e+03 1.586702534630894661e+02
2.720983849657996871e+03 2.045788974971510470e+02
2.721004682991330355e+03 9.767894892895128578e+02
2.721025516324663386e+03 1.094646901133237407e+03
2.721046349657996871e+03 6.347402346063172445e+02
2.721067182991330355e+03 7.443925026152282953e+02
2.721088016324663386e+03 4.408150357221020386e+02
2.721108849657996871e+03 6.532443911297013983e+02
2.721129682991330355e+03 1.052047545357141644e+03
2.721150516324663386e+03 3.853980038543231785e+02
2.721171349657996871e+03 6.332042310027172789e+02
2.721192182991330355e+03 2.113524292609654367e+02
2.721213016324663386e+03 4.637053122528595850e+02
2.721233849657996871e+03 2.006730948734330013e+02
2.721254682991330355e+03 -1.118211398221319541e+02
2.721275516324663386e+03 3.132626829702639952e+02
2.721296349657996871e+03 5.671934649327304214e+02
2.721317182991330355e+03 7.915247577335685492e+01
2.721338016324663386e+03 1.110394358768826351e+02
2.721358849657996871e+03 3.751072854732628912e+02
2.721379682991330355e+03 8.221651386431185529e+02
2.721400516324663386e+03 6.929303649088833481e+02
2.721421349657996871e+03 4.590825382806360722e+02
2.721442182991330355e+03 3.284595784038538113e+02
2.721463016324663386e+03 4.037343520036665723e+02
2.721483849657996871e+03 2.928551228202413768e+02
2.721504682991330355e+03 4.959306778928730637e+02
2.721525516324663386e+03 3.601442853286862373e+02
2.721546349657996871e+03 7.834198836499126628e+02
2.721567182991330355e+03 4.047326955331955105e+02
2.721588016324663386e+03 3.761295935671078041e+02
2.721608849657996871e+03 4.831284707143204287e+02
2.721629682991330355e+03 -3.396288374678697437e+02
2.721650516324663386e+03 -4.504782130933599547e+02
2.721671349657996871e+03 -1.114856041435967200e+03
2.721692182991330355e+03 -1.297460928692016751e+02
2.721713016324663386e+03 -1.148547952506924048e+02
2.721733849657996871e+03 -4.270051515912637115e+02
2.721754682991330355e+03 3.999543321807868779e+01
2.721775516324663386e+03 6.693057687010150403e+01
2.721796349657996871e+03 -2.998813619993161410e+02
2.721817182991330355e+03 -6.312337111268425360e+02
2.721838016324663386e+03 -9.148958052850794047e+02
2.721858849657996871e+03 1.161089207747718319e+02
2.721879682991330355e+03 -2.839028422535629943e+02
2.721900516324663386e+03 1.225326926377601922e+02
2.721921349657996871e+03 -7.601779392852913588e+02
2.721942182991330355e+03 1.041768452504184097e+02
2.721963016324663386e+03 5.901504296401981264e+01
2.721983849657996871e+03 7.003163187400205061e+02
2.722004682991330355e+03 4.798151990558253601e+02
2.722025516324663386e+03 7.315536040718434379e+02
2.722046349657996871e+03 9.427562656183727086e+01
2.722067182991330355e+03 1.375456507445895113e+03
2.722088016324663386e+03 1.013252902837703004e+02
2.722108849657996871e+03 3.742862934812437743e+02
2.722129682991330355e+03 6.339206999904708937e+02
2.722150516324663386e+03 1.573515502677764744e+02
2.722171349657996871e+03 7.430458497152430937e+02
2.722192182991330355e+03 -7.421235724224243313e+01
2.722213016324663386e+03 -1.103124619114794768e+03
2.722233849657996871e+03 -2.166383891127770767e+02
2.722254682991330355e+03 -8.406164544913917780e+02
2.722275516324663386e+03 -9.048169204068835825e+01
2.722296349657996871e+03 -3.375688381530344486e+02
2.722317182991330355e+03 -5.944012474007904530e+02
2.722338016324663386e+03 -7.646446939089801162e+02
2.722358849657996871e+03 -9.253588925958611071e+02
2.722379682991330355e+03 4.538523448157357052e+02
2.722400516324663386e+03 -5.141823958180611953e+02
2.722421349657996871e+03 -2.079101494892966002e+02
2.722442182991330355e+03 1.835977975991554558e+02
2.722463016324663386e+03 -2.772773157070623711e+02
2.722483849657996871e+03 -2.473919806214980781e+02
2.722504682991330355e+03 -8.499212805414572358e+01
2.722525516324663386e+03 -3.538289744575740770e+02
2.722546349657996871e+03 -1.481998895538272336e+02
2.722567182991330355e+03 1.835348196384729818e+02
2.722588016324663386e+03 -1.289296053992584348e+02
2.722608849657996871e+03 5.894086777003249153e+02
2.722629682991330355e+03 2.869915884034708142e+02
2.722650516324663386e+03 1.349031472286442295e+02
2.722671349657996871e+03 4.027972516504814848e+02
2.722692182991330355e+03 -6.604998896822798997e+02
2.722713016324663386e+03 3.708967076529515907e+02
2.722733849657996871e+03 6.684108751179883257e+02
2.722754682991330355e+03 5.503815951243741438e+02
2.722775516324663386e+03 5.701830514308530837e+02
2.722796349657996871e+03 6.763251463500782847e+02
2.722817182991330355e+03 1.675077902832999825e+02
2.722838016324663386e+03 8.053465082170441747e+01
2.722858849657996871e+03 -7.107949349941918626e+02
2.722879682991330355e+03 -6.675696581607917324e+02
2.722900516324663386e+03 -1.042403229096205905e+03
2.722921349657996871e+03 -7.225332930544391274e+01
2.722942182991330355e+03 -2.805126778951380402e+02
2.722963016324663386e+03 -9.653597397218691185e+02
2.722983849657996871e+03 3.221288127243751660e+02
2.723004682991330355e+03 3.249084276425419375e+02
2.723025516324663386e+03 5.551985986566869542e+02
2.723046349657996871e+03 1.139261667840066366e+03
2.723067182991330355e+03 -2.859646356016164646e+02
2.723088016324663386e+03 -5.267373380868230015e+01
2.723108849657996871e+03 3.060233245947165415e+02
2.723129682991330355e+03 2.588513877331279218e+02
2.723150516324663386e+03 -5.376122214653296396e+02
2.723171349657996871e+03 5.400397352557629347e+02
2.723192182991330355e+03 7.665295008278917521e+01
2.723213016324663386e+03 -5.201778428562683985e+02
2.723233849657996871e+03 -4.065238723460352048e+02
2.723254682991330355e+03 -3.294687793203629553e+02
2.723275516324663386e+03 -4.750228605716256425e+02
2.723296349657996871e+03 -1.555271660265279934e+02
2.723317182991330355e+03 -1.015365257846307941e+03
2.723338016324663386e+03 -1.287453408122528344e+02
2.723358849657996871e+03 2.910500526211690158e+02
2.723379682991330355e+03 -3.904741858834167942e+02
2.723400516324663386e+03 -6.378214338740799576e+02
2.723421349657996871e+03 -1.584466613616095856e+02
2.723442182991330355e+03 -7.775302626113407314e+02
2.723463016324663386e+03 -3.981696530352346599e+02
2.723483849657996871e+03 -2.901300965581322089e+02
2.723504682991330355e+03 -5.812441213533747941e+02
2.723525516324663386e+03 -3.788242147250566632e+02
2.723546349657996871e+03 -6.174034777149790898e+02
2.723567182991330355e+03 -1.326942633930244483e+03
2.723588016324663386e+03 2.647486737743020058e+02
2.723608849657996871e+03 -9.692195209328783676e+02
2.723629682991330355e+03 -1.014762167073320597e+03
2.723650516324663386e+03 -7.687811154460068792e+02
2.723671349657996871e+03 -9.253048128124792129e+02
2.723692182991330355e+03 -8.511972320646746084e+02
2.723713016324663386e+03 -1.529291985435294919e+03
2.723733849657996871e+03 -4.499899334734072909e+02
2.723754682991330355e+03 -7.974137355062412098e+02
2.723775516324663386e+03 -9.600978082778165117e+02
2.723796349657996871e+03 -1.057074248414719477e+02
2.723817182991330355e+03 7.891671752155525610e+02
2.723838016324663386e+03 -2.921257860267069191e+02
2.723858849657996871e+03 4.377646892856573686e+02
2.723879682991330355e+03 5.534175011212937534e+00
2.723900516324663386e+03 7.747792795191053301e+02
2.723921349657996871e+03 1.021205635082558729e+03
2.723942182991330355e+03 7.310255770202493295e+02
2.723963016324663386e+03 1.295187718947418034e+02
2.723983849657996871e+03 2.563029080256819725e+01
2.724004682991330355e+03 -9.805948928731959313e+01
2.724025516324663386e+03 1.838773955719079822e+01
2.724046349657996871e+03 3.748200600818963721e+02
2.724067182991330355e+03 5.722267075490672141e+02
2.724088016324663386e+03 1.064176081939367577e+03
2.724108849657996871e+03 -7.250026993209030479e+01
2.724129682991330355e+03 -2.554682948901318014e+02
2.724150516324663386e+03 -1.758307708232896402e+02
2.724171349657996871e+03 -2.952237577189225703e+01
2.724192182991330355e+03 -3.498232580799376592e+02
2.724213016324663386e+03 -8.818276710750069469e+01
2.724233849657996871e+03 -1.514249374257633463e+02
2.724254682991330355e+03 -1.244192490854766220e+02
2.724275516324663386e+03 -5.697802154760574922e+02
2.724296349657996871e+03 5.073959567875135690e+01
2.724317182991330355e+03 -6.881901232891250402e+02
2.724338016324663386e+03 4.186213340112008154e+02
2.724358849657996871e+03 -7.768152214866131544e+01
2.724379682991330355e+03 6.960460011896211654e+02
2.724400516324663386e+03 7.554263775716535747e+02
2.724421349657996871e+03 8.808609718901570886e+02
2.724442182991330355e+03 3.173441889387322590e+02
2.724463016324663386e+03 9.396926710435654968e+02
2.724483849657996871e+03 6.581378665948286653e+02
2.724504682991330355e+03 3.456486919141607359e+02
2.724525516324663386e+03 2.338996644477592781e+02
2.724546349657996871e+03 1.704919382231310010e+02
2.724567182991330355e+03 -3.978563337976811454e+02
2.724588016324663386e+03 3.927778662424534559e+02
2.724608849657996871e+03 -4.353528527168091387e+02
2.724629682991330355e+03 -5.880910409369971603e+02
2.724650516324663386e+03 -1.637280252495547757e+02
2.724671349657996871e+03 -2.276909367312910035e+02
2.724692182991330355e+03 -2.706062467775773257e+02
2.724713016324663386e+03 -8.152038041851483285e+01
2.724733849657996871e+03 -5.821948801792459562e+02
2.724754682991330355e+03 1.441396766529651359e+02
2.724775516324663386e+03 2.631528979210415855e+02
2.724796349657996871e+03 -1.106308402649592608e+03
2.724817182991330355e+03 4.444828322655521333e+02
2.724838016324663386e+03 2.416028273545671254e+02
2.724858849657996871e+03 5.071635802006348968e+02
2.724879682991330355e+03 -2.482053692429326475e+01
2.724900516324663386e+03 -3.854572961893863976e+02
2.724921349657996871e+03 5.923033754023490474e+02
2.724942182991330355e+03 -7.253443987768841907e+02
2.724963016324663386e+03 9.384536282508634031e+01
2.724983849657996871e+03 -3.614128005737438798e+01
2.725004682991330355e+03 1.230531367432558909e+02
2.725025516324663386e+03 -7.707465568938059732e+02
2.725046349657996871e+03 6.192077411524951458e+01
2.725067182991330355e+03 -3.185809341183630750e+02
2.725088016324663386e+03 -3.274136647869599983e+02
2.725108849657996871e+03 -3.211267489679157734e+02
2.725129682991330355e+03 1.480065768322674558e+02
2.725150516324663386e+03 2.816008549828547984e+02
2.725171349657996871e+03 1.113642193907871842e+02
2.725192182991330355e+03 4.015952436015941203e+02
2.725213016324663386e+03 6.304604970482178032e+02
2.725233849657996871e+03 2.882385739526944235e+02
2.725254682991330355e+03 4.840262900351081043e+02
2.725275516324663386e+03 1.641332225252408534e+02
2.725296349657996871e+03 -7.477707649033982307e+01
2.725317182991330355e+03 2.264811132705071941e+02
2.725338016324663386e+03 5.204462653518421575e+02
2.725358849657996871e+03 -3.166498374451184645e+02
2.725379682991330355e+03 8.264731820789165795e+01
2.725400516324663386e+03 -2.572710495016071945e+02
2.725421349657996871e+03 -1.560127034414326772e+02
2.725442182991330355e+03 -6.468677138607017696e+02
2.725463016324663386e+03 9.156847039222484455e+02
2.725483849657996871e+03 4.951136294611496851e+02
2.725504682991330355e+03 2.699668070534244180e+02
2.725525516324663386e+03 4.697254488747566938e+02
2.725546349657996871e+03 2.369628628651844338e+02
2.725567182991330355e+03 7.577243122967192903e+02
2.725588016324663386e+03 -9.620481347350869328e+01
2.725608849657996871e+03 2.474665691979462281e+02
2.725629682991330355e+03 2.031478630226338282e+02
2.725650516324663386e+03 1.204340994151192717e+03
2.725671349657996871e+03 -4.191364198023220524e+02
2.725692182991330355e+03 6.034376126404386014e+02
2.725713016324663386e+03 -1.628777984875487164e+02
2.725733849657996871e+03 -6.936697225586976856e+01
2.725754682991330355e+03 5.621780609781853855e+01
2.725775516324663386e+03 5.544097801060415804e+02
2.725796349657996871e+03 3.619189737548585981e+02
2.725817182991330355e+03 3.305234779618913308e+02
2.725838016324663386e+03 -5.526802617880748585e+02
2.725858849657996871e+03 2.425931630248669535e+02
2.725879682991330355e+03 2.432330405393149704e+02
2.725900516324663386e+03 4.912303287393879145e+02
2.725921349657996871e+03 5.411627273552585393e+01
2.725942182991330355e+03 -1.329298936433624476e+02
2.725963016324663386e+03 4.411509150390047580e+02
2.725983849657996871e+03 7.262294611029792577e+02
2.726004682991330355e+03 4.476815626970492303e+02
2.726025516324663386e+03 4.823302300896029919e+02
2.726046349657996871e+03 1.706094349656486884e+02
2.726067182991330355e+03 3.314871645292732865e+02
2.726088016324663386e+03 5.298987207283498719e+02
2.726108849657996871e+03 7.675152488952735439e+02
2.726129682991330355e+03 3.104534380970289931e+02
2.726150516324663386e+03 3.803659420935437083e+02
2.726171349657996871e+03 4.366148599880980328e+02
2.726192182991330355e+03 4.734140480542555451e+02
2.726213016324663386e+03 9.324615118093788624e+00
2.726233849657996871e+03 -4.039100872589042410e+02
2.726254682991330355e+03 -4.333926282427273691e+02
2.726275516324663386e+03 -7.044406959809130058e+02
2.726296349657996871e+03 -1.209574224196723662e+03
2.726317182991330355e+03 -1.049433218379970640e+03
2.726338016324663386e+03 -2.050801034783944488e+02
2.726358849657996871e+03 -2.211892034341581166e+02
2.726379682991330355e+03 -6.284311939089093357e+02
2.726400516324663386e+03 -3.955106700211763382e+02
2.726421349657996871e+03 -2.059292610329575837e+02
2.726442182991330355e+03 6.842944826930761337e+00
2.726463016324663386e+03 -1.834424115362344310e+02
2.726483849657996871e+03 -2.615296559934504330e+02
2.726504682991330355e+03 3.853396896984195337e+02
2.726525516324663386e+03 2.830626761837629601e+02
2.726546349657996871e+03 -1.698701700670644641e+02
2.726567182991330355e+03 2.543985526987817138e+02
2.726588016324663386e+03 -1.612726238913601264e+02
2.726608849657996871e+03 -6.602784814330516383e+02
2.726629682991330355e+03 -4.467945648420136422e+02
2.726650516324663386e+03 -3.267474940426182002e+02
2.726671349657996871e+03 -8.256188947744667530e+02
2.726692182991330355e+03 -8.126119244748260826e+02
2.726713016324663386e+03 -5.591863306377781555e+02
2.726733849657996871e+03 -8.685105756691191345e+02
2.726754682991330355e+03 -2.148303285203874111e+02
2.726775516324663386e+03 -5.290606918532866985e+02
2.726796349657996871e+03 -1.983947065171087161e+02
2.726817182991330355e+03 -3.397666360143339261e+02
2.726838016324663386e+03 -3.228740835987264290e+02
2.726858849657996871e+03 -1.582201460797805339e+02
2.726879682991330355e+03 6.604452076455345377e+02
2.726900516324663386e+03 2.665250844873953611e+02
2.726921349657996871e+03 5.509216620732331648e+02
2.726942182991330355e+03 7.269499680906301364e+02
2.726963016324663386e+03 6.029442769389133900e+02
2.726983849657996871e+03 -3.762349061385029927e+02
2.727004682991330355e+03 6.524516761328559369e+02
2.727025516324663386e+03 -5.507169684383552521e+01
2.727046349657996871e+03 3.167309577538399026e+02
2.727067182991330355e+03 -3.030867836355464533e+02
2.727088016324663386e+03 -4.784214642876759171e+01
2.727108849657996871e+03 3.385834710719063878e+01
2.727129682991330355e+03 3.141177057081367821e+02
2.727150516324663386e+03 1.622508753970032558e+02
2.727171349657996871e+03 -4.715712196798995137e+01
2.727192182991330355e+03 -2.045980650930432603e+02
2.727213016324663386e+03 -4.530208562590414658e+02
2.727233849657996871e+03 -5.428343245595460758e+02
2.727254682991330355e+03 -3.617095126598142087e+02
2.727275516324663386e+03 -9.145566859735408798e+02
2.727296349657996871e+03 2.164665426552528515e+02
2.727317182991330355e+03 -3.774314900797326118e+02
2.727338016324663386e+03 4.441664949527475983e+02
2.727358849657996871e+03 -3.096990711532998830e+01
2.727379682991330355e+03 -2.678437138758599758e+02
2.727400516324663386e+03 2.218213390752207488e+02
2.727421349657996871e+03 8.263054977681022137e+02
2.727442182991330355e+03 8.570734429340809584e+02
2.727463016324663386e+03 4.969932052892399952e+02
2.727483849657996871e+03 3.918723098570480943e+02
2.727504682991330355e+03 1.019883299921639264e+01
2.727525516324663386e+03 -3.336298733009025455e+02
2.727546349657996871e+03 -2.039344448604388162e+02
2.727567182991330355e+03 -4.310925715677440166e+02
2.727588016324663386e+03 5.150656932851998135e+02
2.727608849657996871e+03 -1.130982367655960843e+02
2.727629682991330355e+03 1.221980844466015697e+02
2.727650516324663386e+03 -2.299727320586098358e+02
2.727671349657996871e+03 -1.386213694961043075e+02
2.727692182991330355e+03 2.916217746936017647e+02
2.727713016324663386e+03 5.296843556346138939e+02
2.727733849657996871e+03 -2.607195847318507731e+01
2.727754682991330355e+03 9.302756142915459350e+02
2.727775516324663386e+03 -1.521820305737201124e+02
2.727796349657996871e+03 6.206841702222591266e+02
2.727817182991330355e+03 3.770358605637447909e+02
2.727838016324663386e+03 1.658578983108745888e+02
2.727858849657996871e+03 4.933629175373353064e+02
2.727879682991330355e+03 7.408334669350879267e+02
2.727900516324663386e+03 3.794834959226427600e+02
2.727921349657996871e+03 2.361692332914099097e+02
2.727942182991330355e+03 1.084555785416625440e+03
2.727963016324663386e+03 1.083444330730126239e+03
2.727983849657996871e+03 7.166306129979202524e+02
2.728004682991330355e+03 1.652602681531570852e+02
2.728025516324663386e+03 -7.701480145065579563e+01
2.728046349657996871e+03 5.312610700530931354e+02
2.728067182991330355e+03 6.905886648199521005e+01
2.728088016324663386e+03 7.697827339440118521e+01
2.728108849657996871e+03 -1.747695132216904312e+01
2.728129682991330355e+03 -1.903810123287839815e+02
2.728150516324663386e+03 -4.449484193932730705e+02
2.728171349657996871e+03 -2.666506863539107144e+02
2.728192182991330355e+03 -9.543069131590891629e+02
2.728213016324663386e+03 -7.804106504888040945e+02
2.728233849657996871e+03 -1.360887144332868047e+03
2.728254682991330355e+03 -7.985899111188482493e+02
2.728275516324663386e+03 -5.520426864727633074e+02
2.728296349657996871e+03 4.095618211455876008e+02
2.728317182991330355e+03 -4.171944908844307065e+01
2.728338016324663386e+03 9.137524067959748209e+01
2.728358849657996871e+03 1.357218639848288149e+02
2.728379682991330355e+03 9.716654870577622205e+01
2.728400516324663386e+03 -1.010895531275309622e+00
2.728421349657996871e+03 2.821068538244580850e+02
2.728442182991330355e+03 -1.122754201620118693e+02
2.728463016324663386e+03 8.150937805930152535e+01
2.728483849657996871e+03 -4.926157612778479233e+02
2.728504682991330355e+03 -2.032044454970164225e+02
2.728525516324663386e+03 -3.981175596278626472e+02
2.728546349657996871e+03 -9.546169701999751851e+02
2.728567182991330355e+03 -1.195725521423271857e+03
2.728588016324663386e+03 -1.248702483609318733e+03
2.728608849657996871e+03 -1.114243684493587352e+03
2.728629682991330355e+03 -7.709727794717764482e+02
2.728650516324663386e+03 -1.201330487884231843e+03
2.728671349657996871e+03 -3.260196672030724585e+02
2.728692182991330355e+03 -2.212523716965224594e+02
2.728713016324663386e+03 1.890245639048516750e+02
2.728733849657996871e+03 -2.895601606015115976e+02
2.728754682991330355e+03 -7.088512950704898685e+01
2.728775516324663386e+03 5.855302036913344637e+02
2.728796349657996871e+03 3.803443857640959322e+02
2.728817182991330355e+03 9.180962320044636726e+01
2.728838016324663386e+03 3.605063597714761272e+02
2.728858849657996871e+03 4.133281786480220035e+02
2.728879682991330355e+03 6.273564312813105062e+02
2.728900516324663386e+03 1.357269113623304293e+03
2.728921349657996871e+03 1.090919886220013723e+03
2.728942182991330355e+03 3.496505589203443378e+02
2.728963016324663386e+03 4.768253713641315699e+02
2.728983849657996871e+03 1.465836983924382366e+03
2.729004682991330355e+03 6.502563509887550026e+02
2.729025516324663386e+03 7.576659847260452807e+02
2.729046349657996871e+03 7.768167511152569205e+02
2.729067182991330355e+03 6.019428620092803612e+02
2.729088016324663386e+03 6.325657222208101302e+02
2.729108849657996871e+03 5.748181263307342306e+02
2.729129682991330355e+03 8.597527887374162674e+02
2.729150516324663386e+03 9.601557371867820621e+02
2.729171349657996871e+03 -2.611681093610823154e+02
2.729192182991330355e+03 -8.252062019563745707e+02
2.729213016324663386e+03 -4.030084802397759631e+02
2.729233849657996871e+03 -4.487987890176009387e+01
2.729254682991330355e+03 -2.982198951262980700e+02
2.729275516324663386e+03 -1.333630349352257326e+03
2.729296349657996871e+03 -4.924947990536456928e+02
2.729317182991330355e+03 -4.672218510798411444e+02
2.729338016324663386e+03 2.989029870644444600e+02
2.729358849657996871e+03 5.520179018633207306e+02
2.729379682991330355e+03 7.150405851035611704e+02
2.729400516324663386e+03 9.152411859690910205e+02
2.729421349657996871e+03 3.947734687790507451e+02
2.729442182991330355e+03 6.739750672680092975e+02
2.729463016324663386e+03 2.472033436705823988e+02
2.729483849657996871e+03 9.085837017163867131e+02
2.729504682991330355e+03 -3.394076471162261441e+02
2.729525516324663386e+03 -4.034015054082265124e+02
2.729546349657996871e+03 -2.819730487993219867e+02
2.729567182991330355e+03 -3.524516345077427104e+02
2.729588016324663386e+03 -8.681449487945064902e+01
2.729608849657996871e+03 -4.361665722654433921e+02
2.729629682991330355e+03 -7.938956307449843735e+02
2.729650516324663386e+03 -9.272873375603230670e+02
2.729671349657996871e+03 -1.193313669462222606e+02
2.729692182991330355e+03 9.523099846055265516e+01
2.729713016324663386e+03 -2.077659646216779947e+02
2.729733849657996871e+03 2.402794271693564951e+02
2.729754682991330355e+03 2.788507034298963845e+02
2.729775516324663386e+03 -7.250509614936308935e+02
2.729796349657996871e+03 -1.115801782589405775e+02
2.729817182991330355e+03 -4.243110596252372488e+02
2.729838016324663386e+03 2.782166897782590240e+02
2.729858849657996871e+03 3.640331368441693485e+02
2.729879682991330355e+03 -3.706149049652740359e+02
2.729900516324663386e+03 1.020975937049370259e+02
2.729921349657996871e+03 3.771971493117744103e+02
2.729942182991330355e+03 -4.286489578207256272e+02
2.729963016324663386e+03 -3.681126898475922644e+02
2.729983849657996871e+03 -2.397928879292448983e+02
2.730004682991330355e+03 7.341990778222680092e+00
2.730025516324663386e+03 -2.508590181390754879e+02
2.730046349657996871e+03 -1.824592442150460556e+02
2.730067182991330355e+03 -9.159069428873481229e+02
2.730088016324663386e+03 -4.541169228764483705e+02
2.730108849657996871e+03 -8.856923601315356791e+02
2.730129682991330355e+03 -4.637155293696559966e+01
2.730150516324663386e+03 -1.220570067897206172e+02
2.730171349657996871e+03 6.646350550698116422e+00
2.730192182991330355e+03 -1.196419455339200795e+02
2.730213016324663386e+03 4.740291933914413676e+02
2.730233849657996871e+03 6.286803998760879040e+02
2.730254682991330355e+03 5.274037248345557600e+02
2.730275516324663386e+03 3.284610753933666274e+02
2.730296349657996871e+03 -5.920946784609695897e+02
2.730317182991330355e+03 nan
2.730338016324663386e+03 nan
2.730358849657996871e+03 nan
2.730379682991330355e+03 nan
2.730400516324663386e+03 nan
2.730421349657996871e+03 nan
2.730442182991330355e+03 nan
2.730463016324663386e+03 nan
2.730483849657996871e+03 nan
2.730504682991330355e+03 nan
2.730525516324663386e+03 nan
2.730546349657996871e+03 nan
2.730567182991330355e+03 nan
2.730588016324663386e+03 nan
2.730608849657996871e+03 nan
2.730629682991330355e+03 nan
2.730650516324663386e+03 nan
2.730671349657996871e+03 nan
2.730692182991330355e+03 nan
2.730713016324663386e+03 nan
2.730733849657996871e+03 nan
2.730754682991330355e+03 nan
2.730775516324663386e+03 nan
2.730796349657996871e+03 nan
2.730817182991330355e+03 nan
2.730838016324663386e+03 nan
2.730858849657996871e+03 nan
2.730879682991330355e+03 nan
2.730900516324663386e+03 nan
2.730921349657996871e+03 nan
2.730942182991330355e+03 nan
2.730963016324663840e+03 nan
2.730983849657996871e+03 nan
2.731004682991330355e+03 nan
2.731025516324663840e+03 nan
2.731046349657996871e+03 nan
2.731067182991330355e+03 nan
2.731088016324663840e+03 nan
2.731108849657996871e+03 nan
2.731129682991330355e+03 nan
2.731150516324663840e+03 nan
2.731171349657996871e+03 nan
2.731192182991330355e+03 nan
2.731213016324663840e+03 nan
2.731233849657996871e+03 nan
2.731254682991330355e+03 nan
2.731275516324663840e+03 nan
2.731296349657996871e+03 nan
2.731317182991330355e+03 nan
2.731338016324663840e+03 nan
2.731358849657996871e+03 nan
2.731379682991330355e+03 nan
2.731400516324663840e+03 nan
2.731421349657996871e+03 nan
2.731442182991330355e+03 -2.064891792896436527e+03
2.731463016324663840e+03 -8.442525321393040940e+02
2.731483849657996871e+03 -3.209642847998766229e+02
2.731504682991330355e+03 -5.869598886633757502e+02
2.731525516324663840e+03 -5.641631312065292150e+02
2.731546349657996871e+03 -8.226947479420341551e+02
2.731567182991330355e+03 -4.305917366928188130e+02
2.731588016324663840e+03 -6.021541492430260405e+02
2.731608849657996871e+03 -1.702437585190637037e+02
2.731629682991330355e+03 -1.539531789154279977e+02
2.731650516324663840e+03 -2.046354435168905184e+02
2.731671349657996871e+03 -6.117429552556714043e+02
2.731692182991330355e+03 -9.539676958206109703e+01
2.731713016324663840e+03 -5.362429523158352822e+02
2.731733849657996871e+03 -1.687247314734850079e+01
2.731754682991330355e+03 1.648562863653060049e+02
2.731775516324663840e+03 -4.236248157450463623e+02
2.731796349657996871e+03 -6.785134619763121009e+02
2.731817182991330355e+03 -1.688654140394646674e+02
2.731838016324663840e+03 -2.871501997264567763e+01
2.731858849657996871e+03 3.878175572983454913e+02
2.731879682991330355e+03 9.944966556667350233e+01
2.731900516324663840e+03 1.170640375622082502e+03
2.731921349657996871e+03 5.504780322924489155e+02
2.731942182991330355e+03 8.334106395249255002e+02
2.731963016324663840e+03 4.723876158345956355e+01
2.731983849657996871e+03 1.990457314292434603e+02
2.732004682991330355e+03 1.852985642736312002e+02
2.732025516324663840e+03 5.071738839882891625e+01
2.732046349657996871e+03 2.002689921681303531e+02
2.732067182991330355e+03 -9.932563003629911691e+01
2.732088016324663840e+03 -8.492107504308223724e+02
2.732108849657996871e+03 -9.714561388224828988e+02
2.732129682991330355e+03 -4.745355598853202537e+02
2.732150516324663840e+03 -1.250036095465184189e+03
2.732171349657996871e+03 -2.616088959841290489e+02
2.732192182991330355e+03 -8.981286145208869129e+02
2.732213016324663840e+03 -1.273693857560283504e+03
2.732233849657996871e+03 1.558588763230945915e+02
2.732254682991330355e+03 -2.179817508608102798e+02
2.732275516324663840e+03 -3.443907700442941859e+02
2.732296349657996871e+03 -6.637495844770455733e+02
2.732317182991330355e+03 1.204651278645033017e+02
2.732338016324663840e+03 -5.200905854265438393e+02
2.732358849657996871e+03 5.757647907979553565e+02
2.732379682991330355e+03 2.923069851718610153e+02
2.732400516324663840e+03 3.872631443694699556e+02
2.732421349657996871e+03 -2.291629938678815961e+02
2.732442182991330355e+03 7.530549970665015280e+01
2.732463016324663840e+03 4.416389285473851487e+02
2.732483849657996871e+03 -3.866959381162887439e+02
2.732504682991330355e+03 -4.015840229112654924e-02
2.732525516324663840e+03 -3.417197949665132910e+02
2.732546349657996871e+03 -2.108075043671997264e+02
2.732567182991330355e+03 -5.413126547882566229e+02
2.732588016324663840e+03 -7.784352493139449507e+02
2.732608849657996871e+03 9.249773265013936907e+01
2.732629682991330355e+03 -1.255475455285282806e+03
2.732650516324663840e+03 -1.476460566404275596e+02
2.732671349657996871e+03 -5.347590038236230612e+02
2.732692182991330355e+03 -1.381351108917733654e+02
2.732713016324663840e+03 1.832854435691842809e+02
2.732733849657996871e+03 2.674482264998368919e+01
2.732754682991330355e+03 7.947826358298771083e+02
2.732775516324663840e+03 5.345413601991022006e+02
2.732796349657996871e+03 3.996039948242250830e+02
2.732817182991330355e+03 1.691145124799804762e+02
2.732838016324663840e+03 4.589514074868056923e+02
2.732858849657996871e+03 1.426623510678764433e+02
2.732879682991330355e+03 4.807665938683785498e+02
2.732900516324663840e+03 5.231118072380777448e+02
2.732921349657996871e+03 -3.956150310136144981e+02
2.732942182991330355e+03 1.036682128726970404e+02
2.732963016324663840e+03 -6.921439042342826724e+02
2.732983849657996871e+03 -8.549818712391424924e+01
2.733004682991330355e+03 -1.338260540275368840e+02
2.733025516324663840e+03 9.733423817157745361e+01
2.733046349657996871e+03 6.813300437456928194e+02
2.733067182991330355e+03 -1.408305276159662753e+02
2.733088016324663840e+03 6.123232922396855429e+02
2.733108849657996871e+03 6.731063532339176163e+02
2.733129682991330355e+03 3.873488603136502206e+02
2.733150516324663840e+03 5.417212532598059624e+02
2.733171349657996871e+03 7.388856949736364186e+02
2.733192182991330355e+03 1.494624724500230514e+03
2.733213016324663840e+03 3.665093056397745386e+02
2.733233849657996871e+03 1.459958370003150776e+02
2.733254682991330355e+03 -3.525005532064242288e+02
2.733275516324663840e+03 -5.179262416370911524e+02
2.733296349657996871e+03 -1.758507520718267187e+02
2.733317182991330355e+03 -4.385492121800780296e-01
2.733338016324663840e+03 -6.428640453499974683e+02
2.733358849657996871e+03 -4.194631211634259671e+01
2.733379682991330355e+03 -1.922995110845658928e+02
2.733400516324663840e+03 9.114831064036116004e+01
2.733421349657996871e+03 2.154529556819470599e+02
2.733442182991330355e+03 -1.729052081861300394e+02
2.733463016324663840e+03 -4.625232477253302932e+01
2.733483849657996871e+03 3.065360804229276255e+02
2.733504682991330355e+03 5.214462042099330574e+01
2.733525516324663840e+03 1.096162134743761271e+03
2.733546349657996871e+03 -3.368900435562245548e+02
2.733567182991330355e+03 -9.594587606587447226e+01
2.733588016324663840e+03 1.666139308384153992e+02
2.733608849657996871e+03 -1.620085901045240462e+02
2.733629682991330355e+03 -9.187885071500204504e+00
2.733650516324663840e+03 5.603936631204560399e+02
2.733671349657996871e+03 9.492925487568136305e+02
2.733692182991330355e+03 4.912405512129189447e+02
2.733713016324663840e+03 5.066485819676890969e+02
2.733733849657996871e+03 1.218240542683401145e+03
2.733754682991330355e+03 1.045766827249899507e+02
2.733775516324663840e+03 1.254351232603657991e+02
2.733796349657996871e+03 1.272263652281835675e+02
2.733817182991330355e+03 -1.324761302862316370e+01
2.733838016324663840e+03 3.112191508389078081e+02
2.733858849657996871e+03 2.909946493899915367e+02
2.733879682991330355e+03 2.786471119491616264e+02
2.733900516324663840e+03 3.105724888341501355e+02
2.733921349657996871e+03 2.894409422926837578e+02
2.733942182991330355e+03 3.113612364594591781e+02
2.733963016324663840e+03 1.144192509608925320e+03
2.733983849657996871e+03 1.354579469492658973e+03
2.734004682991330355e+03 4.811418298289645463e+02
2.734025516324663840e+03 6.043169033281737939e+02
2.734046349657996871e+03 7.137002820888301358e+02
2.734067182991330355e+03 5.106600889739347622e+02
2.734088016324663840e+03 -1.683534575463272631e+02
2.734108849657996871e+03 -1.512649001402314752e+01
2.734129682991330355e+03 -2.838764227338833734e+02
2.734150516324663840e+03 -1.251617150941281579e+03
2.734171349657996871e+03 -1.864764067071955651e+02
2.734192182991330355e+03 -1.053473248748574406e+03
2.734213016324663840e+03 -6.901574800519738346e+02
2.734233849657996871e+03 -2.415333234382560477e+02
2.734254682991330355e+03 -3.492058072943473235e+02
2.734275516324663840e+03 -7.602149289766093716e+02
2.734296349657996871e+03 4.654372544927755371e+02
2.734317182991330355e+03 -4.632918011475121602e+02
2.734338016324663840e+03 -1.293627877387218177e+03
2.734358849657996871e+03 -3.580687382565811276e+02
2.734379682991330355e+03 -9.516066647483967245e+01
2.734400516324663840e+03 -6.355106953781796619e+02
2.734421349657996871e+03 -3.238998741378309205e+02
2.734442182991330355e+03 -9.120988439138745889e+02
2.734463016324663840e+03 -3.347471012294990942e+02
2.734483849657996871e+03 -2.028933108472265303e+02
2.734504682991330355e+03 -1.212634376963833347e+02
2.734525516324663840e+03 -1.191123377194977365e+03
2.734546349657996871e+03 -6.309235040487255901e+02
2.734567182991330355e+03 -3.329604330381844193e+02
2.734588016324663840e+03 1.214482247383566573e+02
2.734608849657996871e+03 3.003337559923529625e+02
2.734629682991330355e+03 2.152780217087129131e+02
2.734650516324663840e+03 7.802966143054654822e+02
2.734671349657996871e+03 8.387160856565460563e+02
2.734692182991330355e+03 8.391209347945405170e+02
2.734713016324663840e+03 1.138103007248137146e+03
2.734733849657996871e+03 9.849493773684371263e+02
2.734754682991330355e+03 9.217631717189215124e+02
2.734775516324663840e+03 2.051193342931801453e+02
2.734796349657996871e+03 1.084305374651798047e+03
2.734817182991330355e+03 -4.195136475779581815e+02
2.734838016324663840e+03 1.241390893817879260e+01
2.734858849657996871e+03 7.829003828176064417e+02
2.734879682991330355e+03 -4.728178915720200166e+02
2.734900516324663840e+03 -6.774025086204055697e+02
2.734921349657996871e+03 4.313394354315241799e+02
2.734942182991330355e+03 6.065413231380516663e+02
2.734963016324663840e+03 2.554665761042851955e+02
2.734983849657996871e+03 3.017759094199864194e+02
2.735004682991330355e+03 6.882035072696162388e+02
2.735025516324663840e+03 7.636424299755599350e+02
2.735046349657996871e+03 1.198711881707422435e+02
2.735067182991330355e+03 6.132438958642305806e+02
2.735088016324663840e+03 7.688627020588610321e+02
2.735108849657996871e+03 1.397674052507150918e+03
2.735129682991330355e+03 1.570258338371990249e+03
2.735150516324663840e+03 5.274985811285441741e+02
2.735171349657996871e+03 7.440066005121916533e+02
2.735192182991330355e+03 9.745138904877239838e+02
2.735213016324663840e+03 -1.518186137723969296e+02
2.735233849657996871e+03 5.479512347058625892e+02
2.735254682991330355e+03 -6.597376608877675608e+02
2.735275516324663840e+03 -3.829938884283183143e+02
2.735296349657996871e+03 -1.075298299666144885e+03
2.735317182991330355e+03 -8.871736612342065200e+02
2.735338016324663840e+03 -4.595459971765521914e+02
2.735358849657996871e+03 -6.401872285552090034e+02
2.735379682991330355e+03 -1.691820246696006507e+02
2.735400516324663840e+03 -3.624769635299453512e+02
2.735421349657996871e+03 -9.697977576463017613e+01
2.735442182991330355e+03 4.025120849809609354e+02
2.735463016324663840e+03 6.941335803538095206e+01
2.735483849657996871e+03 2.588455325418617576e+02
2.735504682991330355e+03 -2.046884539601160213e+02
2.735525516324663840e+03 2.616107597957598045e+02
2.735546349657996871e+03 -1.563597130667185411e+02
2.735567182991330355e+03 2.005886421237373725e+02
2.735588016324663840e+03 -1.202603398162173107e+02
2.735608849657996871e+03 -5.382214419433148578e+02
2.735629682991330355e+03 -4.042369875861331820e+02
2.735650516324663840e+03 -5.242789662545546889e+02
2.735671349657996871e+03 -4.363081891014007851e+02
2.735692182991330355e+03 -2.032852472364902496e+02
2.735713016324663840e+03 -3.982535591879859567e+02
2.735733849657996871e+03 -1.781735791951650754e+02
2.735754682991330355e+03 -5.124572633705101907e+02
2.735775516324663840e+03 -5.464486060846829787e+02
2.735796349657996871e+03 1.020334702555555850e+02
2.735817182991330355e+03 -4.916954941354924813e+02
2.735838016324663840e+03 4.127403424931690097e+02
2.735858849657996871e+03 9.556898096995428205e+01
2.735879682991330355e+03 7.588818190570455045e+02
2.735900516324663840e+03 2.964484063952695578e+02
2.735921349657996871e+03 6.286765050021931529e+02
2.735942182991330355e+03 -2.530931064329342917e+02
2.735963016324663840e+03 -3.603552027991972864e+02
2.735983849657996871e+03 1.150373496627435088e+02
2.736004682991330355e+03 -4.035984662590781227e+02
2.736025516324663840e+03 3.070684912124415860e+02
2.736046349657996871e+03 5.830239563029026613e+02
2.736067182991330355e+03 3.084013544288463891e+02
2.736088016324663840e+03 -3.563968662928091362e+02
2.736108849657996871e+03 5.938707438921555877e+02
2.736129682991330355e+03 -3.185535891761537641e+02
2.736150516324663840e+03 7.074876884409459308e+02
2.736171349657996871e+03 4.464028828353621066e+02
2.736192182991330355e+03 -2.431015733762178570e+02
2.736213016324663840e+03 -2.446664684207644314e+02
2.736233849657996871e+03 -1.178301041936036199e+03
2.736254682991330355e+03 -8.978977520595071837e+02
2.736275516324663840e+03 -4.201394923883490264e+02
2.736296349657996871e+03 -3.166829278080258518e+02
2.736317182991330355e+03 -7.002959539886796847e+02
2.736338016324663840e+03 1.845252541695954278e+02
2.736358849657996871e+03 3.881551363697508350e+02
2.736379682991330355e+03 -4.553836167630506679e+02
2.736400516324663840e+03 1.892710363179212436e+02
2.736421349657996871e+03 -3.027956725656986237e+01
2.736442182991330355e+03 -8.049237924662884325e+01
2.736463016324663840e+03 -3.926456067959079519e+02
2.736483849657996871e+03 -5.805882462930167094e+02
2.736504682991330355e+03 -2.812449986697174609e+00
2.736525516324663386e+03 -4.985428451711777598e+01
2.736546349657996871e+03 6.444878396572312340e+02
2.736567182991330355e+03 3.764483699048869312e+02
2.736588016324663386e+03 3.539939250401221216e+02
2.736608849657996871e+03 4.149734763533342630e+01
2.736629682991330355e+03 -7.740915921814739704e+02
2.736650516324663386e+03 -5.401175639937864617e+02
2.736671349657996871e+03 -5.722258519452298060e+02
2.736692182991330355e+03 -7.958805393243674189e+02
2.736713016324663386e+03 -3.862376429256983101e+01
2.736733849657996871e+03 -7.621070766251068562e+01
2.736754682991330355e+03 -1.342021774111315608e+03
2.736775516324663386e+03 -1.605076011631172150e+01
2.736796349657996871e+03 -1.631391576345777139e+02
2.736817182991330355e+03 2.589097389982780442e+02
2.736838016324663386e+03 -6.054633691627532244e+01
2.736858849657996871e+03 3.584459289074875414e+02
2.736879682991330355e+03 -5.364136465104529634e+02
2.736900516324663386e+03 -8.230340299236122519e+02
2.736921349657996871e+03 -7.807082795519381762e+02
2.736942182991330355e+03 -8.652529435150790960e+02
2.736963016324663386e+03 1.431579538403311744e+02
2.736983849657996871e+03 -3.597876665007788688e+02
2.737004682991330355e+03 -4.470777972245123237e+02
2.737025516324663386e+03 -1.177308738122112118e+03
2.737046349657996871e+03 -1.093936735176481307e+03
2.737067182991330355e+03 -2.991459049828117713e+02
2.737088016324663386e+03 1.585371861816383898e+00
2.737108849657996871e+03 -3.673507450459292158e+02
2.737129682991330355e+03 -1.123264512079767883e+02
2.737150516324663386e+03 -1.514900185657897964e+02
2.737171349657996871e+03 -8.995230090429540724e+02
2.737192182991330355e+03 -1.092828301666653715e+03
2.737213016324663386e+03 2.263370704619446769e+02
2.737233849657996871e+03 -7.436895646798657253e+02
2.737254682991330355e+03 -1.024004431983572431e+03
2.737275516324663386e+03 -2.233940902724862099e+02
2.737296349657996871e+03 1.118092110460856929e+02
2.737317182991330355e+03 -5.001251719366991892e+02
2.737338016324663386e+03 1.422224933145334944e+02
2.737358849657996871e+03 -4.425669495984911919e+02
2.737379682991330355e+03 -7.092320508328266442e+02
2.737400516324663386e+03 -4.173401353084482253e+02
2.737421349657996871e+03 -2.582210653616348282e+02
2.737442182991330355e+03 -1.558968022443586960e+02
2.737463016324663386e+03 -1.186087061453144997e+01
2.737483849657996871e+03 9.495450953312683851e+01
2.737504682991330355e+03 4.373504834615159780e+02
2.737525516324663386e+03 4.284478646444622427e+02
2.737546349657996871e+03 7.904531731087481603e+02
2.737567182991330355e+03 2.090035545782884583e+02
2.737588016324663386e+03 -4.366907001383369789e+02
2.737608849657996871e+03 -4.285663886148249730e+02
2.737629682991330355e+03 -1.962864830628968775e+02
2.737650516324663386e+03 8.775468121632002294e+00
2.737671349657996871e+03 2.824263529391027987e+02
2.737692182991330355e+03 -3.197515185467200354e+02
2.737713016324663386e+03 9.850146711920388043e+01
2.737733849657996871e+03 1.081846905661863275e+03
2.737754682991330355e+03 -2.977961865976685658e+02
2.737775516324663386e+03 6.897780975273344666e+02
2.737796349657996871e+03 4.811700656298780814e+02
2.737817182991330355e+03 9.717109915986657143e+01
2.737838016324663386e+03 6.883338944173883647e+02
2.737858849657996871e+03 4.272339183636941016e+02
2.737879682991330355e+03 1.132503400320187211e+03
2.737900516324663386e+03 -1.619127054733689874e+02
2.737921349657996871e+03 1.021655343390768394e+03
2.737942182991330355e+03 2.210381218568654731e+02
2.737963016324663386e+03 3.177003249153494835e+02
2.737983849657996871e+03 4.180727788122603670e+02
2.738004682991330355e+03 5.725038843118818477e+02
2.738025516324663386e+03 5.460943293987074867e+02
2.738046349657996871e+03 4.130145404242211953e+02
2.738067182991330355e+03 1.231991392749012448e+03
2.738088016324663386e+03 -4.363536557473707944e+01
2.738108849657996871e+03 3.928728804040001705e+02
2.738129682991330355e+03 3.414405344568658620e+02
2.738150516324663386e+03 9.921520424389746040e+01
2.738171349657996871e+03 -4.035705164053943008e+02
2.738192182991330355e+03 4.883380486047826707e+00
2.738213016324663386e+03 5.114896467234939337e+01
2.738233849657996871e+03 1.744541783950990066e+02
2.738254682991330355e+03 8.572071759791579098e+02
2.738275516324663386e+03 4.555175117353210226e+02
2.738296349657996871e+03 8.677090121383080259e+02
2.738317182991330355e+03 4.660987691251793876e+02
2.738338016324663386e+03 6.103060566149652004e+02
2.738358849657996871e+03 7.660368781280703843e+02
2.738379682991330355e+03 5.898995217088377103e+02
2.738400516324663386e+03 7.801353538606781512e+02
2.738421349657996871e+03 9.864726699551101774e+02
2.738442182991330355e+03 5.313037476225290447e+02
2.738463016324663386e+03 2.110126496062148362e+02
2.738483849657996871e+03 -1.931061902958899736e+02
2.738504682991330355e+03 4.233173645634669811e+02
2.738525516324663386e+03 2.884013221018249169e+02
2.738546349657996871e+03 1.950855083458591253e+02
2.738567182991330355e+03 5.766796292157378048e+02
2.738588016324663386e+03 1.920532716809539124e+02
2.738608849657996871e+03 -4.951160489943576977e+02
2.738629682991330355e+03 -4.997273525665514171e+02
2.738650516324663386e+03 3.149178418020019308e+02
2.738671349657996871e+03 8.432141770650632679e+02
2.738692182991330355e+03 -1.241617810444440693e+02
2.738713016324663386e+03 1.163511211370350793e+02
2.738733849657996871e+03 2.231436502661090344e+02
2.738754682991330355e+03 4.298960243145702407e+02
2.738775516324663386e+03 4.798202771050855517e+02
2.738796349657996871e+03 7.275627147351624444e+02
2.738817182991330355e+03 5.455439456494059414e+02
2.738838016324663386e+03 1.714729310241527855e+02
2.738858849657996871e+03 8.823337784147588536e+02
2.738879682991330355e+03 -2.930348145352909341e+02
2.738900516324663386e+03 4.343215854906011373e+02
2.738921349657996871e+03 2.662827019426040351e+02
2.738942182991330355e+03 -3.207792313862591982e+01
2.738963016324663386e+03 -5.455131866314914078e+02
2.738983849657996871e+03 6.849864693651907146e+02
2.739004682991330355e+03 1.171595313267433085e+03
2.739025516324663386e+03 7.834066886052023619e+02
2.739046349657996871e+03 3.077189746267395094e+02
2.739067182991330355e+03 1.143943861394072883e+03
2.739088016324663386e+03 5.073214206683915108e+02
2.739108849657996871e+03 6.814704491206211969e+02
2.739129682991330355e+03 5.193348581339232624e+02
2.739150516324663386e+03 8.680135237481445074e+02
2.739171349657996871e+03 6.227209157384932041e+02
2.739192182991329901e+03 7.727445992117282003e+01
2.739213016324663386e+03 4.607742196286562830e+01
2.739233849657996871e+03 -3.236121045235777274e+02
2.739254682991329901e+03 -6.516600244232686237e+02
2.739275516324663386e+03 -6.088753103404305875e+02
2.739296349657996871e+03 1.520767487146658823e+02
2.739317182991329901e+03 -5.575327438745880499e+02
2.739338016324663386e+03 -7.152366521329386160e+02
2.739358849657996871e+03 -2.945242256848141551e+02
2.739379682991329901e+03 5.967400017369072884e+01
2.739400516324663386e+03 9.165874418305465952e+02
2.739421349657996871e+03 1.071695598564576358e+03
2.739442182991329901e+03 2.134821742922067642e+02
2.739463016324663386e+03 7.018617904743878171e+02
2.739483849657996871e+03 1.625138830589130521e+02
2.739504682991329901e+03 1.255519130252185278e+03
2.739525516324663386e+03 7.079567308949772269e+02
2.739546349657996871e+03 6.584384888432687148e+02
2.739567182991329901e+03 1.540672918183263391e+02
2.739588016324663386e+03 5.884003477885853499e+02
2.739608849657996871e+03 -2.678227994230110198e+01
2.739629682991329901e+03 -3.418406694580335170e+02
2.739650516324663386e+03 -6.902230837104143575e+02
2.739671349657996871e+03 -1.804532201655674726e+02
2.739692182991329901e+03 -4.197951409807428718e+02
2.739713016324663386e+03 1.249569365009665489e+02
2.739733849657996871e+03 -6.098591103034559637e+02
2.739754682991329901e+03 -1.000255703777889721e+03
2.739775516324663386e+03 9.923291810414521024e+02
2.739796349657996871e+03 3.680485370138194412e+02
2.739817182991329901e+03 -4.568477990084793419e+02
2.739838016324663386e+03 -2.377840911651728675e+02
2.739858849657996871e+03 2.347827756725018844e+02
2.739879682991329901e+03 -5.386912373766535893e+02
2.739900516324663386e+03 1.275794390190858394e+02
2.739921349657996871e+03 4.623904424358624965e+01
2.739942182991329901e+03 1.110554079451831058e+02
2.739963016324663386e+03 1.861195245753042400e+02
2.739983849657996871e+03 -3.248431139416061342e+02
2.740004682991329901e+03 -6.393398957274621353e+02
2.740025516324663386e+03 -3.164336244084406644e+02
2.740046349657996871e+03 -4.244181851983303204e+02
2.740067182991329901e+03 -5.126525936512043700e+02
2.740088016324663386e+03 -3.597964557660743594e+02
2.740108849657996871e+03 -3.995643163688946515e+02
2.740129682991329901e+03 -3.717889932892285287e+02
2.740150516324663386e+03 -6.558644453943707049e+02
2.740171349657996871e+03 -4.128360138285206631e+02
2.740192182991329901e+03 -8.850952689566183835e+02
2.740213016324663386e+03 -7.218510385052068159e+02
2.740233849657996871e+03 -4.173989218564238399e+02
2.740254682991329901e+03 -3.254209822183474898e+01
2.740275516324663386e+03 -5.766521645642351359e+02
2.740296349657996871e+03 -1.843851138779427856e+02
2.740317182991329901e+03 -1.049909622238366865e+03
2.740338016324663386e+03 -9.827237200306262821e+02
2.740358849657996871e+03 -4.082167934256140143e+02
2.740379682991329901e+03 -6.657963812386151403e+02
2.740400516324663386e+03 -2.817289714585058391e+02
2.740421349657996871e+03 -3.075722966124303639e+02
2.740442182991329901e+03 -2.586018012535059825e+02
2.740463016324663386e+03 -3.060878565034363419e+02
2.740483849657996871e+03 -1.152103600407717749e+02
2.740504682991329901e+03 -1.658923956161597744e+02
2.740525516324663386e+03 9.936847210675477982e+01
2.740546349657996871e+03 -9.942906267719808966e+01
2.740567182991329901e+03 -4.047318069861503318e+02
2.740588016324663386e+03 6.826899526212364435e+02
2.740608849657996871e+03 3.056246361129451543e+02
2.740629682991329901e+03 6.356521992501802742e+01
2.740650516324663386e+03 -5.195125860277330503e+02
2.740671349657996871e+03 -5.817880701727699488e+02
2.740692182991329901e+03 -1.003580261119524948e+03
2.740713016324663386e+03 -1.731747084654634818e+03
2.740733849657996871e+03 -1.291561641653417610e+03
2.740754682991329901e+03 -9.916089010454015806e+02
2.740775516324663386e+03 -9.967159747253172100e+02
2.740796349657996871e+03 -7.099399094899417832e+02
2.740817182991329901e+03 -1.215978314199019223e+02
2.740838016324663386e+03 -6.152322667500702664e+02
2.740858849657996871e+03 -4.841027203535195440e+02
2.740879682991329901e+03 -7.745136422350769863e+02
2.740900516324663386e+03 5.431020079568261281e+02
2.740921349657996871e+03 7.263575178664177656e+01
2.740942182991329901e+03 2.312874011008534580e+02
2.740963016324663386e+03 -1.455437257037265226e+02
2.740983849657996871e+03 -2.565320758415618911e+02
2.741004682991329901e+03 2.116672940257703885e+02
2.741025516324663386e+03 -7.564445148225640878e+02
2.741046349657996871e+03 2.052565305493772030e+02
2.741067182991329901e+03 -5.362206109110265970e+02
2.741088016324663386e+03 -6.739059705638792366e+02
2.741108849657996871e+03 -2.941268514232942834e+02
2.741129682991329901e+03 -7.342842069597681984e+02
2.741150516324663386e+03 -5.849422812970587984e+02
2.741171349657996871e+03 -1.155510297949658707e+03
2.741192182991329901e+03 6.100836782425176352e+01
2.741213016324663386e+03 -5.937525446639629081e+02
2.741233849657996871e+03 -3.534632059383438900e+02
2.741254682991329901e+03 -3.566208347070496529e+02
2.741275516324663386e+03 -3.102892704404657707e+02
2.741296349657996871e+03 -1.900765108827035874e+02
2.741317182991329901e+03 -6.909160449921619147e+02
2.741338016324663386e+03 1.984654044628841802e+02
2.741358849657996871e+03 -3.396389539833180606e+02
2.741379682991329901e+03 -1.643501902712741867e+02
2.741400516324663386e+03 -5.984283732580952346e+02
2.741421349657996871e+03 8.033495260344352573e+01
2.741442182991329901e+03 -4.174501077609602362e+01
2.741463016324663386e+03 -7.327586183141684160e+02
2.741483849657996871e+03 1.177453822011593729e+02
2.741504682991329901e+03 6.261899474306264892e+02
2.741525516324663386e+03 8.502998158673290163e+01
2.741546349657996871e+03 -1.401248091454617679e+02
2.741567182991329901e+03 -1.894780829816590995e+01
2.741588016324663386e+03 2.771830897027393803e+02
2.741608849657996871e+03 -2.240879290610319003e+02
2.741629682991329901e+03 -1.072537249044980854e+02
2.741650516324663386e+03 4.593164008629973978e+02
2.741671349657996871e+03 4.443303981876233593e+02
2.741692182991329901e+03 5.018744614740135148e+02
2.741713016324663386e+03 4.121102236381266266e+02
2.741733849657996871e+03 -2.497771949630696326e+02
2.741754682991329901e+03 4.401271148130763322e+02
2.741775516324663386e+03 5.350834955788450316e+02
2.741796349657996871e+03 6.203507107628975064e+02
2.741817182991329901e+03 3.754445443422300741e+02
2.741838016324663386e+03 1.047827973474282771e+03
2.741858849657996416e+03 6.091510493189562112e+02
2.741879682991329901e+03 8.423204031700734049e+02
2.741900516324663386e+03 1.535572957583935931e+02
2.741921349657996416e+03 1.524064572860952467e+02
2.741942182991329901e+03 6.088754492101725191e+01
2.741963016324663386e+03 5.531691882448503748e+02
2.741983849657996416e+03 -1.099369995102752000e+02
2.742004682991329901e+03 -2.140044598293025047e+02
2.742025516324663386e+03 5.240078911490272731e+02
2.742046349657996416e+03 -2.404834946071496233e+02
2.742067182991329901e+03 4.680380130853736773e+02
2.742088016324663386e+03 -1.689211851456202567e+02
2.742108849657996416e+03 -1.107815654398873448e+02
2.742129682991329901e+03 3.667327402188675478e+02
2.742150516324663386e+03 -6.221865256703458726e+02
2.742171349657996416e+03 -4.723107417480787262e+02
2.742192182991329901e+03 3.669369610329158604e+02
2.742213016324663386e+03 9.838892991817556322e+01
2.742233849657996416e+03 1.060428755493368953e+03
2.742254682991329901e+03 8.297071290722815320e+02
2.742275516324663386e+03 2.514143446527887136e+02
2.742296349657996416e+03 2.343967743817484006e+02
2.742317182991329901e+03 1.606979207501746714e+03
2.742338016324663386e+03 1.235299085757345892e+03
2.742358849657996416e+03 1.346358203829033300e+03
2.742379682991329901e+03 1.137931855813832954e+03
2.742400516324663386e+03 1.076325491360388696e+03
2.742421349657996416e+03 6.941508445837534964e+02
2.742442182991329901e+03 8.044144907806767151e+02
2.742463016324663386e+03 1.125995611996157095e+03
2.742483849657996416e+03 2.088532332625472918e+02
2.742504682991329901e+03 1.703125731849577278e+02
2.742525516324663386e+03 1.118600272869342007e+03
2.742546349657996416e+03 6.334990506852045655e+01
2.742567182991329901e+03 1.888999339052243158e+02
2.742588016324663386e+03 1.464910722277127206e+02
2.742608849657996416e+03 1.358566688024438918e+01
2.742629682991329901e+03 2.885423935670405626e+02
2.742650516324663386e+03 -9.659521935349330306e+02
2.742671349657996416e+03 -2.347566652926616371e+00
2.742692182991329901e+03 -1.280313464088831097e+02
2.742713016324663386e+03 -2.301496938787167892e+02
2.742733849657996416e+03 2.010066645914921537e+02
2.742754682991329901e+03 -1.574611834035022184e+02
2.742775516324663386e+03 1.894374959124252200e+02
2.742796349657996416e+03 -4.029617436260450631e+02
2.742817182991329901e+03 -3.824688213079934940e+02
2.742838016324663386e+03 -7.994014303553849459e+02
2.742858849657996416e+03 -5.337575237088603899e+02
2.742879682991329901e+03 2.083594595747999847e+02
2.742900516324663386e+03 -1.528799773227656260e+02
2.742921349657996416e+03 4.874376353564439341e+02
2.742942182991329901e+03 3.970837055169977248e+02
2.742963016324663386e+03 3.933733340703183785e+02
2.742983849657996416e+03 1.056393981445813552e+03
2.743004682991329901e+03 6.022523616650141776e+02
2.743025516324663386e+03 8.354898180556483567e+02
2.743046349657996416e+03 1.697900914789526723e+03
2.743067182991329901e+03 -1.787634029749315232e+02
