2.390664282939531859e+03 -1.414784125451697037e+02
2.390685116272865343e+03 1.767877012728713453e+02
2.390705949606198828e+03 -8.005419119904981926e+02
2.390726782939531859e+03 4.304101615332765505e+02
2.390747616272865343e+03 8.658493695990182459e+02
2.390768449606198828e+03 1.013499710682081059e+02
2.390789282939531859e+03 5.520245004434837028e+02
2.390810116272865343e+03 3.660034338445402682e+02
2.390830949606198828e+03 6.287388807244133204e+02
2.390851782939531859e+03 4.207940504056168720e+02
2.390872616272865343e+03 3.346054045438067988e+02
2.390893449606198828e+03 -1.072101302182767540e+03
2.390914282939531859e+03 1.133865871798130684e+03
2.390935116272865343e+03 6.108313996542710811e+01
2.390955949606198828e+03 6.914322899247054011e+02
2.390976782939531859e+03 -3.771903467557858676e+02
2.390997616272865343e+03 -1.940857344886753708e+02
2.391018449606198828e+03 -1.126335183218587190e+03
2.391039282939531859e+03 8.348979395739734173e+02
2.391060116272865343e+03 2.465979539288673550e+01
2.391080949606198828e+03 5.220712085390696302e+02
2.391101782939531859e+03 3.359553189226426184e+02
2.391122616272865343e+03 1.004450196090620011e+02
2.391143449606198828e+03 9.102475357168586925e+02
2.391164282939531859e+03 8.205444487736094743e+02
2.391185116272865343e+03 -6.870367672049906105e+01
2.391205949606198828e+03 -4.912553682534489781e+02
2.391226782939531859e+03 -1.389193742910865694e+02
2.391247616272865343e+03 -1.089958974601468071e+02
2.391268449606198828e+03 -2.666525021666893736e+02
2.391289282939531859e+03 -2.977686258626636118e+01
2.391310116272865343e+03 2.077395939169218764e+02
2.391330949606198828e+03 8.428170347616542131e+02
2.391351782939531859e+03 1.608423542921664193e+02
2.391372616272865343e+03 9.783282105927355587e+00
2.391393449606198828e+03 6.120466691598994657e+02
2.391414282939531859e+03 5.568201517013367265e+02
2.391435116272865343e+03 4.408231453229673207e+02
2.391455949606198828e+03 1.201142041251994669e+03
2.391476782939531859e+03 6.749408348796423525e+02
2.391497616272865343e+03 8.369260992116760463e+02
2.391518449606198828e+03 8.665785180170787498e+02
2.391539282939531859e+03 6.466786937980214134e+02
2.391560116272865343e+03 2.033499930615536869e+03
2.391580949606198828e+03 1.250311546630458906e+03
2.391601782939531859e+03 1.394568844719091430e+03
2.391622616272865343e+03 5.886345627983100712e+02
2.391643449606198828e+03 8.082052392625482753e+02
2.391664282939531859e+03 6.671930054471595213e+02
2.391685116272865343e+03 3.260170779775362462e+02
2.391705949606198828e+03 2.835014632941456512e+02
2.391726782939531859e+03 -9.762241368327522650e+02
2.391747616272865343e+03 -2.469089098379481584e+01
2.391768449606198828e+03 3.786365061573451385e+02
2.391789282939531859e+03 1.003136872187023982e+02
2.391810116272865343e+03 -7.174054314445238560e+02
2.391830949606198828e+03 -1.848488314624410123e+01
2.391851782939531859e+03 -2.714470695147756487e+02
2.391872616272865343e+03 -6.694709099141182378e+02
2.391893449606198828e+03 -2.767665832141647115e+02
2.391914282939531859e+03 1.481035748629365116e+02
2.391935116272865343e+03 -9.347996696914779022e+02
2.391955949606198828e+03 -4.466126619059359655e+02
2.391976782939531859e+03 2.142439613665919751e+01
2.391997616272865343e+03 -6.389963718614308164e+02
2.392018449606198828e+03 -8.932006915002129972e+02
2.392039282939531859e+03 -1.064409418632974848e+03
2.392060116272865343e+03 -6.587380684684030712e+02
2.392080949606198828e+03 -6.586960573717951775e+02
2.392101782939531859e+03 -1.629028282946674153e+03
2.392122616272865343e+03 -9.242561580521287397e+02
2.392143449606198828e+03 -4.005282688204897568e+02
2.392164282939531859e+03 5.908846636174712330e+02
2.392185116272865343e+03 -3.815214447103207931e+02
2.392205949606198828e+03 6.850362960888305679e+02
2.392226782939531859e+03 3.862171315267914906e+02
2.392247616272865343e+03 1.028786395753268152e+02
2.392268449606198828e+03 2.079803572718519717e+02
2.392289282939531859e+03 -7.122379285095958039e+02
2.392310116272865343e+03 -2.406157974010566249e+02
2.392330949606198828e+03 -1.215482876419671811e+03
2.392351782939531859e+03 -8.092401270825648680e+02
2.392372616272865343e+03 -8.154410160530824214e+02
2.392393449606198828e+03 -1.314876033197040670e+03
2.392414282939531859e+03 -5.747755234248470515e+02
2.392435116272865343e+03 -6.310631324063288048e+02
2.392455949606198828e+03 -5.119739734730683267e+01
2.392476782939531859e+03 4.847316058936994523e+02
2.392497616272865343e+03 2.075133000824134797e+02
2.392518449606198828e+03 2.319145731127355248e+01
2.392539282939531859e+03 7.974124407066265121e+02
2.392560116272865343e+03 6.794594366353703663e+02
2.392580949606198828e+03 1.246191324369166978e+03
2.392601782939531859e+03 8.932473676580702886e+02
2.392622616272865343e+03 4.400540449981344864e+02
2.392643449606198828e+03 -1.966823185407556593e+02
2.392664282939531859e+03 8.342955928482115269e+01
2.392685116272865343e+03 7.347475344648119062e+02
2.392705949606198828e+03 -3.858125004841713235e+02
2.392726782939531859e+03 -1.462066377571318299e+01
2.392747616272865343e+03 1.049459681782987900e+03
2.392768449606198828e+03 3.213704928704537451e+02
2.392789282939531859e+03 9.276756665534339845e+02
2.392810116272865343e+03 -1.456381533474195749e+02
2.392830949606198828e+03 4.198399295762646943e+02
2.392851782939531859e+03 -3.599219487432856113e+01
2.392872616272865343e+03 -3.270359287958126515e+01
2.392893449606198828e+03 7.418440392939373851e+01
2.392914282939531859e+03 1.063338334851199761e+03
2.392935116272865343e+03 9.832412223173305392e+02
2.392955949606198828e+03 -1.895996603817911819e+02
2.392976782939531859e+03 4.670590679113520309e+02
2.392997616272865343e+03 4.398466756690759212e+02
2.393018449606198828e+03 1.090741323854657821e+03
2.393039282939531859e+03 7.092914431887911633e+02
2.393060116272865343e+03 7.080028931809356436e+02
2.393080949606198828e+03 3.006101626105373725e+02
2.393101782939531859e+03 1.634870178134995513e+03
2.393122616272865343e+03 5.180252716826507822e+02
2.393143449606198828e+03 2.371394771225750446e+02
2.393164282939531859e+03 1.295923518712050281e+03
2.393185116272865343e+03 -2.343869733335450292e+02
2.393205949606198828e+03 -2.708588677647057921e+02
2.393226782939531859e+03 -3.198017209335230291e+02
2.393247616272865343e+03 -8.076858170249033719e+02
2.393268449606198828e+03 -5.873052582032978535e+02
2.393289282939531859e+03 -4.774722895898157731e+02
2.393310116272865343e+03 2.423903043250320479e+02
2.393330949606198828e+03 -6.820107246097177267e+01
2.393351782939531859e+03 -1.394102967593353242e+02
2.393372616272865343e+03 -7.199827047252329066e+02
2.393393449606198828e+03 -9.010493501171004027e+02
2.393414282939531859e+03 2.896086655637482181e+02
2.393435116272865343e+03 -5.162795322336023673e+02
2.393455949606198828e+03 -4.609309431852307171e+01
2.393476782939531859e+03 -4.288203688012436032e+01
2.393497616272865343e+03 -3.068863355845678598e+01
2.393518449606198828e+03 -2.732533183122286573e+02
2.393539282939531859e+03 3.370708653389010578e+02
2.393560116272865343e+03 -6.069939766849856824e+02
2.393580949606198828e+03 4.193942452350165695e+01
2.393601782939531859e+03 -6.206726256433175877e+02
2.393622616272865343e+03 -3.112078052068827674e+02
2.393643449606198828e+03 -1.943634305812884122e+01
2.393664282939531859e+03 5.105050328547367826e+02
2.393685116272865343e+03 3.007656660547945648e+02
2.393705949606198828e+03 -3.891945622145431116e+02
2.393726782939531859e+03 -1.015129216683213599e+03
2.393747616272865343e+03 -3.895005838274955750e+02
2.393768449606198828e+03 -3.102426331600872800e+02
2.393789282939531859e+03 -3.866515704827615991e+02
2.393810116272865343e+03 -2.104337381501682103e+01
2.393830949606198828e+03 -1.071521166869904846e+03
2.393851782939531859e+03 -1.522728853392298333e+03
2.393872616272865343e+03 -7.936421128024812788e+01
2.393893449606198828e+03 3.224360132508445531e+01
2.393914282939531859e+03 1.951602317572105676e+02
2.393935116272865343e+03 -3.511764485558960587e+02
2.393955949606198828e+03 -2.983450187199050561e+02
2.393976782939531859e+03 -3.215940248303813860e+02
2.393997616272865343e+03 6.107179045360535383e+02
2.394018449606198828e+03 6.322023965992266312e+02
2.394039282939531859e+03 9.016370816542766988e+02
2.394060116272865343e+03 4.411594472156139091e+02
2.394080949606198828e+03 -4.010660321812611073e+01
2.394101782939531859e+03 3.198409452184569091e+02
2.394122616272865343e+03 1.827396450371015817e+02
2.394143449606198828e+03 -4.919142600389895961e+02
2.394164282939531859e+03 -5.475092622521333396e+01
2.394185116272865343e+03 -4.984428101152880117e+02
2.394205949606198828e+03 -7.215596286080544814e+02
2.394226782939531859e+03 -7.729037522833095863e+02
2.394247616272865343e+03 -7.862099895057035610e+02
2.394268449606198828e+03 -1.432637361648143269e+03
2.394289282939531859e+03 -1.330458788513205945e+02
2.394310116272865343e+03 -2.996075592894339934e+02
2.394330949606198828e+03 -3.390544857610948384e+02
2.394351782939531859e+03 -1.241816455035004765e+02
2.394372616272865343e+03 5.484628822337836027e+02
2.394393449606198828e+03 -3.367532940674573183e+01
2.394414282939531859e+03 -2.597030786448158324e+01
2.394435116272865343e+03 -3.568153452535625547e+01
2.394455949606198828e+03 4.544824415518669412e+02
2.394476782939531859e+03 -7.877882537688128650e+02
2.394497616272865343e+03 -1.051125731223495677e+03
2.394518449606198828e+03 -6.397886503256158903e+02
2.394539282939531859e+03 -7.618460600893013179e+02
2.394560116272865343e+03 -1.381587751847808249e+03
2.394580949606198828e+03 -5.360885104484623298e+02
2.394601782939531859e+03 -1.081648438466712832e+03
2.394622616272865343e+03 -7.953342848507454619e+02
2.394643449606198828e+03 -1.338242085146601312e+03
2.394664282939531859e+03 -6.264009694149717689e+02
2.394685116272865343e+03 -3.866325850738212466e+01
2.394705949606198828e+03 7.271277594692073762e+02
2.394726782939531859e+03 9.695205927974311635e+02
2.394747616272865343e+03 9.077835715096443892e+01
2.394768449606198828e+03 8.167178733318578452e+02
2.394789282939531859e+03 1.019295351759181358e+03
2.394810116272865343e+03 2.676354902031598613e+02
2.394830949606198828e+03 9.002468692378606647e+02
2.394851782939531859e+03 7.653966789189726114e+02
2.394872616272865343e+03 2.746240531123476103e+02
2.394893449606198828e+03 3.741316036682110280e+01
2.394914282939531859e+03 4.529903937155613676e+02
2.394935116272865343e+03 6.218590685048839077e+02
2.394955949606198828e+03 5.302545987333869562e+02
2.394976782939531859e+03 1.642434495413908735e+02
2.394997616272865343e+03 1.145931500743608922e+01
2.395018449606198828e+03 4.361070253432262689e+01
2.395039282939531859e+03 5.284605861223535612e+02
2.395060116272865343e+03 -1.908263068229425699e+02
2.395080949606198828e+03 -3.758099527107551694e+02
2.395101782939531859e+03 1.661796266736928374e+02
2.395122616272865343e+03 1.341680456965346821e+03
2.395143449606198828e+03 -1.068237929990282282e+02
2.395164282939531859e+03 1.125518432011594996e+03
2.395185116272865343e+03 5.517200775038218126e+02
2.395205949606198828e+03 -4.244262026762589812e+01
2.395226782939531859e+03 -1.132328906059265137e+02
2.395247616272865343e+03 5.706494683012133464e+02
2.395268449606198828e+03 -9.970606540598673746e+02
2.395289282939531859e+03 -1.720678714670939371e+02
2.395310116272865343e+03 -3.020418394067091867e+02
2.395330949606198828e+03 -1.257003726471448317e+03
2.395351782939531859e+03 -1.542868133902898990e+03
2.395372616272865343e+03 1.834381654986646026e+01
2.395393449606198828e+03 -7.453602018659003079e+02
2.395414282939531859e+03 -3.020274410363053903e+02
2.395435116272865343e+03 -4.292085489601595327e+02
2.395455949606198828e+03 5.856255326401442289e+02
2.395476782939531859e+03 -2.524625588969793171e+02
2.395497616272865343e+03 5.970978186287684366e+02
2.395518449606198828e+03 4.496512429703725502e+02
2.395539282939531859e+03 2.642625966900959611e+02
2.395560116272865343e+03 2.354989042689558119e+02
2.395580949606198828e+03 -3.196355452338466421e+02
2.395601782939531859e+03 -5.286385260868119076e+02
2.395622616272865343e+03 1.302176850491669029e+02
2.395643449606198828e+03 4.580009633527370170e+02
2.395664282939531859e+03 -3.779537459630519152e+02
2.395685116272865343e+03 7.270903127663768828e+01
2.395705949606198828e+03 -7.142329076180467382e+02
2.395726782939531859e+03 -8.391320243396330625e+01
2.395747616272865343e+03 3.533437797152437270e+02
2.395768449606198828e+03 2.999177105154376477e+02
2.395789282939531859e+03 3.608123586198780686e+01
2.395810116272865343e+03 2.329326858667191118e+02
2.395830949606198828e+03 -1.379634133459767327e+02
2.395851782939531859e+03 6.151046657768310979e+02
2.395872616272865343e+03 5.548947780397720635e+02
2.395893449606198828e+03 4.459519943158375099e+02
2.395914282939531859e+03 -1.155503722274443135e+02
2.395935116272865343e+03 1.451949756145477295e+02
2.395955949606198828e+03 -3.908860663067316636e+02
2.395976782939531859e+03 9.891835409775376320e+01
2.395997616272865343e+03 6.195794138959608972e+02
2.396018449606198828e+03 -2.888661006315378472e+02
2.396039282939531859e+03 9.537285834726644680e+02
2.396060116272865343e+03 2.444630474066361785e+02
2.396080949606198828e+03 3.834893977730534971e+02
2.396101782939531859e+03 4.350652113476535305e+02
2.396122616272865343e+03 5.898336357708321884e+02
2.396143449606198828e+03 1.360465590030653402e+02
2.396164282939531859e+03 6.945392058602301404e+02
2.396185116272865343e+03 5.449437810136005282e+02
2.396205949606198828e+03 -4.673736506063723937e+02
2.396226782939531859e+03 -2.341448582764714956e+02
2.396247616272865343e+03 1.911418732115998864e+01
2.396268449606198828e+03 -8.011175343120703474e+02
2.396289282939531859e+03 -1.012782132651540451e+03
2.396310116272865343e+03 -6.919330289353383705e+02
2.396330949606198828e+03 -6.935008498292881995e+02
2.396351782939531859e+03 -1.052996000681770965e+03
2.396372616272865343e+03 -1.188109697107458487e+03
2.396393449606198828e+03 -8.206882428019307554e+02
2.396414282939531859e+03 1.570467974563362077e+02
2.396435116272865343e+03 -5.283082719643134624e+02
2.396455949606198828e+03 -1.241583627420826815e+03
2.396476782939531859e+03 -5.958476987961912528e+02
2.396497616272865343e+03 -9.303422846909379587e+02
2.396518449606198828e+03 7.776935948128812015e+01
2.396539282939531859e+03 2.256312892667483538e+01
2.396560116272865343e+03 8.862592612800654024e+01
2.396580949606198828e+03 1.448620462844846770e+02
2.396601782939531859e+03 -4.039243778706295416e+02
2.396622616272865343e+03 -1.578828752855770290e+02
2.396643449606198828e+03 -6.339408251043641940e+02
2.396664282939531859e+03 -1.313784790972596966e+03
2.396685116272865343e+03 -5.174763979930430651e+02
2.396705949606198828e+03 -7.265574939292855561e+02
2.396726782939531859e+03 -7.784956686436198652e+02
2.396747616272865343e+03 -6.131862907957984135e+02
2.396768449606198828e+03 -6.351319779950426891e+02
2.396789282939531859e+03 -6.179245587746845558e+02
2.396810116272865343e+03 -6.536170699038775638e+02
2.396830949606198828e+03 5.616326941254083067e+02
2.396851782939531859e+03 5.871368024277035147e+02
2.396872616272865343e+03 8.614832280708942562e+02
2.396893449606198828e+03 5.477170526375994086e+02
2.396914282939531859e+03 4.055440582105657086e+02
2.396935116272865343e+03 4.700338431964628398e+02
2.396955949606198828e+03 1.810594520727172494e+02
2.396976782939531859e+03 8.384084173955488950e+01
2.396997616272865343e+03 -4.111096067948965356e+02
2.397018449606198828e+03 2.820630950047634542e+02
2.397039282939531859e+03 6.170163417584262788e+02
2.397060116272865343e+03 1.628602057597599924e+02
2.397080949606198828e+03 -1.035127459686482325e+02
2.397101782939531859e+03 -9.166494745020754635e+02
2.397122616272865343e+03 -3.465975631854962558e+01
2.397143449606198828e+03 -6.419329795333324000e+02
2.397164282939531859e+03 -2.506744737793924287e+02
2.397185116272865343e+03 -5.571975453833583742e+02
2.397205949606198828e+03 1.309350935560651124e+02
2.397226782939531859e+03 5.663911400130018592e+01
2.397247616272865343e+03 5.287935356692178175e+02
2.397268449606198828e+03 -3.086628819094039500e+02
2.397289282939531859e+03 6.031856913104420528e+02
2.397310116272865343e+03 -5.548324191835708916e+02
2.397330949606198828e+03 -3.595311923723202199e+02
2.397351782939531859e+03 -1.211986458975588903e+02
2.397372616272865343e+03 -2.659528600809862837e+02
2.397393449606198828e+03 -9.478625833438709378e+02
2.397414282939531859e+03 -6.191945773562183604e+02
2.397435116272865343e+03 -8.254232959897490218e+02
2.397455949606198828e+03 -1.329719241982325912e+03
2.397476782939531859e+03 -4.031366200331831351e+02
2.397497616272865343e+03 -9.188617951913038269e+02
2.397518449606198828e+03 -3.061190261493902653e+02
2.397539282939531859e+03 3.486662982302950695e+02
2.397560116272865343e+03 nan
2.397580949606198828e+03 5.969935967833735049e+02
2.397601782939531859e+03 3.850588220100617036e+02
2.397622616272865343e+03 3.836027273017680272e+02
2.397643449606198828e+03 5.783467971560312435e+02
2.397664282939531859e+03 1.053830562160932459e+03
2.397685116272865343e+03 6.260970398848876357e+02
2.397705949606198828e+03 4.098218604192370549e+02
2.397726782939531859e+03 9.042676859569037333e+02
2.397747616272865343e+03 3.307225370209198445e+02
2.397768449606198828e+03 5.345283029312267900e+02
2.397789282939531859e+03 2.916073847049847245e+02
2.397810116272865343e+03 -5.967203929194947705e+02
2.397830949606198828e+03 -7.238347909069852903e+02
2.397851782939531859e+03 5.661758271876024082e+02
2.397872616272865343e+03 5.359507324940059334e+02
2.397893449606198828e+03 8.705705002745380625e+02
2.397914282939531859e+03 2.639373349741799757e+02
2.397935116272865343e+03 1.658521260507870466e+03
2.397955949606198828e+03 1.705002208415186033e+03
2.397976782939531859e+03 1.719222785983001813e+03
2.397997616272865343e+03 1.416568582370295189e+03
2.398018449606198828e+03 1.358280139671056531e+03
2.398039282939531859e+03 -1.871788872746983543e+02
2.398060116272865343e+03 9.584631294547580183e+01
2.398080949606198828e+03 -4.466730742028448731e+02
2.398101782939531859e+03 -2.595430869131814688e+01
2.398122616272865343e+03 7.328089691698551178e+00
2.398143449606198828e+03 1.111662389142205939e+03
2.398164282939531859e+03 5.342206316541414708e+02
2.398185116272865343e+03 3.836594329467043281e+02
2.398205949606198828e+03 1.365495132019394077e+03
2.398226782939531859e+03 1.105932045821100473e+02
2.398247616272865343e+03 5.566757495882920921e+02
2.398268449606198828e+03 6.790682856781641021e+02
2.398289282939531859e+03 8.457963952358113602e+02
2.398310116272865343e+03 -7.731689454324077815e+01
2.398330949606198828e+03 -6.531287863336037844e+02
2.398351782939531859e+03 -3.819542376958997920e+02
2.398372616272865343e+03 -5.825452322679338977e+02
2.398393449606198828e+03 -3.725372796802548692e+02
2.398414282939531859e+03 -5.467815246429527178e+02
2.398435116272865343e+03 4.564393757004290819e+02
2.398455949606198828e+03 -1.185833035360556096e+02
2.398476782939531859e+03 5.070516024797689170e+02
2.398497616272865343e+03 3.073591126189567149e+02
2.398518449606198828e+03 4.613160208333283663e+00
2.398539282939531859e+03 -6.771338244224898517e+01
2.398560116272865343e+03 3.875599394410382956e+02
2.398580949606198828e+03 5.070863584346370772e+02
2.398601782939531859e+03 -1.794908607684774324e+02
2.398622616272865343e+03 7.987689022673293948e+00
2.398643449606198828e+03 2.704019756356719881e+02
2.398664282939531859e+03 -1.046550383946159855e+02
2.398685116272865343e+03 -9.493495217061135918e+02
2.398705949606198828e+03 -3.971426339764147997e+02
2.398726782939531859e+03 -2.012025080877356231e+01
2.398747616272865343e+03 1.599047316026408225e+02
2.398768449606198828e+03 -5.757022403529845178e+01
2.398789282939531859e+03 -6.149135130753275007e+02
2.398810116272865343e+03 -3.705143698188476264e+01
2.398830949606198828e+03 -6.979312221601139754e+01
2.398851782939531859e+03 5.324669938047882169e+02
2.398872616272865343e+03 -3.411870750383241102e+02
2.398893449606198828e+03 -5.313282183330738917e+02
2.398914282939531859e+03 -2.849710255296668038e+02
2.398935116272865343e+03 7.763305693760048598e+01
2.398955949606198828e+03 -6.053433141910936683e+02
2.398976782939531859e+03 -1.238315807126928121e+02
2.398997616272865343e+03 -3.984823281787103042e+02
2.399018449606198828e+03 9.050178317384561524e+02
2.399039282939531859e+03 8.179704441933427006e+01
2.399060116272865343e+03 3.256886487886076793e+02
2.399080949606198828e+03 -1.717410280019976199e+02
2.399101782939531859e+03 1.620981876081787050e+02
2.399122616272865343e+03 -5.590251110097160563e+02
2.399143449606198828e+03 4.221842502048239112e+02
2.399164282939531859e+03 -5.609538833089172840e+02
2.399185116272865343e+03 8.524750515663763508e+02
2.399205949606198828e+03 -1.787675993989687413e+02
2.399226782939531859e+03 6.722982867838582024e+02
2.399247616272865343e+03 -5.115928939862642437e+02
2.399268449606198828e+03 -2.704399760777596384e+01
2.399289282939531859e+03 4.383793363907607272e+02
2.399310116272865343e+03 4.300802713074954227e+02
2.399330949606198828e+03 4.299627491780556738e+02
2.399351782939531859e+03 1.693959161075763404e+02
2.399372616272865343e+03 1.623795718254987150e+02
2.399393449606198828e+03 -2.144581016137963161e+02
2.399414282939531859e+03 -2.527839653380215168e+01
2.399435116272865343e+03 -2.266863940450130031e+02
2.399455949606198828e+03 5.221634906673571095e+02
2.399476782939531859e+03 -5.337523191759828478e+01
2.399497616272865343e+03 3.023146446025930345e+02
2.399518449606198828e+03 -1.356221717759035528e+02
2.399539282939531859e+03 -1.379946983627742156e+02
2.399560116272865343e+03 -6.371130252537550405e+02
2.399580949606198828e+03 2.469548019598005340e+02
2.399601782939531859e+03 -1.379856039875885472e+02
2.399622616272865343e+03 5.010244984650053084e+02
2.399643449606198828e+03 6.076583103582961485e+02
2.399664282939531859e+03 5.129140972892055288e+02
2.399685116272865343e+03 3.581644988077459857e+02
2.399705949606198828e+03 3.484866179652744904e+02
2.399726782939531859e+03 3.640833363161655143e+02
2.399747616272865343e+03 8.174703349237097427e+02
2.399768449606198828e+03 5.902165268245153129e+02
2.399789282939531859e+03 4.014287305655889213e+02
2.399810116272865343e+03 6.479419909946154803e+02
2.399830949606198828e+03 1.018510795527137816e+03
2.399851782939531859e+03 -2.224362401291728020e+00
2.399872616272865343e+03 5.159246260576182976e+02
2.399893449606198828e+03 5.015300522310426459e+02
2.399914282939531859e+03 -5.451501760426908731e+02
2.399935116272865343e+03 5.123029337781481445e+02
2.399955949606198828e+03 4.394918488521361724e+02
2.399976782939531859e+03 -1.118862007092684507e+01
2.399997616272865343e+03 4.633028593754861504e+02
2.400018449606198828e+03 4.966755783495027572e+02
2.400039282939531859e+03 9.929044602710055187e+02
2.400060116272865343e+03 1.373976566449273378e+02
2.400080949606198828e+03 7.994641782697290182e+02
2.400101782939531859e+03 -8.431628785131033510e+01
2.400122616272865343e+03 -4.158478719929698855e+02
2.400143449606198828e+03 -3.074512811565073207e+02
2.400164282939531859e+03 -1.096006018926622346e+03
2.400185116272865343e+03 -3.899517326917266473e+02
2.400205949606198828e+03 -5.770039100918220356e+02
2.400226782939531859e+03 4.671062553591327742e+02
2.400247616272865343e+03 -3.371871315336320549e+02
2.400268449606198828e+03 8.040293190837837756e+01
2.400289282939531859e+03 -2.527079860614612699e+02
2.400310116272865343e+03 -1.228122643148526549e+02
2.400330949606198828e+03 9.203739409567788243e+02
2.400351782939531859e+03 1.142956039753044024e+02
2.400372616272865343e+03 8.668469459823099896e+02
2.400393449606198828e+03 2.695762265258235857e+02
2.400414282939531859e+03 3.467358024477725849e+02
2.400435116272865343e+03 5.663917794425506145e+02
2.400455949606198828e+03 -1.819701416121097282e+02
2.400476782939531859e+03 -1.038335358180338517e+03
2.400497616272865343e+03 1.070962494401028380e+02
2.400518449606198828e+03 3.086563302103895694e+02
2.400539282939531859e+03 8.515533849422354251e+01
2.400560116272865343e+03 1.386940420926548541e+02
2.400580949606198828e+03 -2.285759083715965971e+02
2.400601782939531859e+03 1.280686160269542597e+03
2.400622616272865343e+03 -2.938597355395322666e+02
2.400643449606198828e+03 -5.321297023460501805e+02
2.400664282939531859e+03 -8.344507747114403173e+02
2.400685116272865343e+03 -7.865989104810869321e+02
2.400705949606198828e+03 -1.636426610137568787e+02
2.400726782939531859e+03 -3.265321162630571052e+02
2.400747616272865343e+03 -5.216609453993150964e+02
2.400768449606198828e+03 -9.135878279029857367e+02
2.400789282939531859e+03 -8.803523546635406092e+02
2.400810116272865343e+03 -3.535435835642274469e+02
2.400830949606198828e+03 -1.147680707557592541e+02
2.400851782939531859e+03 -2.190840975894825533e+02
2.400872616272865343e+03 -2.865414896684233099e+02
2.400893449606198828e+03 5.542005390599370003e+02
2.400914282939531859e+03 -6.075421934337355196e+02
2.400935116272865343e+03 -7.175336532853543758e+01
2.400955949606198828e+03 4.443909681893419474e+02
2.400976782939531859e+03 3.588982520507415757e+02
2.400997616272865343e+03 1.073413426317507401e+03
2.401018449606198828e+03 2.417714617664460093e+02
2.401039282939531859e+03 5.402779959032777697e+02
2.401060116272865343e+03 2.109211499439552426e+02
2.401080949606198828e+03 5.947098254562588409e+02
2.401101782939531859e+03 1.912371514503611252e+02
2.401122616272865343e+03 3.777932942627230659e+02
2.401143449606198828e+03 1.571554453533492051e+03
2.401164282939531859e+03 9.819933080801274627e+01
2.401185116272865343e+03 4.552359122044872493e+02
2.401205949606198828e+03 5.194172656296286732e+02
2.401226782939531859e+03 9.168369021272519603e+02
2.401247616272865343e+03 1.060210353877278976e+03
2.401268449606198828e+03 -4.377657785209594294e+02
2.401289282939531859e+03 1.186612501697149128e+03
2.401310116272865343e+03 1.433111838751938194e+01
2.401330949606198828e+03 3.632003883603028953e+02
2.401351782939531859e+03 -2.592412034885492176e+02
2.401372616272865343e+03 -1.844074788294965401e+02
2.401393449606198828e+03 7.624303812136640772e+02
2.401414282939531859e+03 6.603146783108823001e+02
2.401435116272865343e+03 3.290422553713433444e+02
2.401455949606198828e+03 1.553210355129558593e+02
2.401476782939531859e+03 -1.018428653072332963e+02
2.401497616272865343e+03 -1.046335871852585115e+03
2.401518449606198828e+03 -1.108962795846629888e+03
2.401539282939531859e+03 -3.266920677565503865e+02
2.401560116272865343e+03 7.760874567646533251e+01
2.401580949606198828e+03 -4.760847931990865618e+02
2.401601782939531859e+03 -5.330144168424885720e+01
2.401622616272865343e+03 2.617100994358770549e+02
2.401643449606198828e+03 3.098475129910511896e+02
2.401664282939531859e+03 -4.351526783119188622e+02
2.401685116272865343e+03 3.942538686678744853e+00
2.401705949606198828e+03 -2.710890259820735082e+02
2.401726782939531859e+03 2.112389654704602435e+02
2.401747616272865343e+03 -1.165720328676979989e+02
2.401768449606198828e+03 -1.219856839373125695e+03
2.401789282939531859e+03 8.570357008738210425e+02
2.401810116272865343e+03 3.012725021847290918e+02
2.401830949606198828e+03 -1.463281990727409720e-01
2.401851782939531859e+03 1.157527161642210558e+02
2.401872616272865343e+03 -2.002248313230229542e+02
2.401893449606198828e+03 -4.580955763136735186e+02
2.401914282939531859e+03 -1.261384827919537202e+03
2.401935116272865343e+03 -9.481396888088202104e+02
2.401955949606198828e+03 -8.741978619890287519e+02
2.401976782939531859e+03 -1.033712908918969333e+03
2.401997616272865343e+03 -9.946654485221952200e+02
2.402018449606198828e+03 -8.448601665863534436e+02
2.402039282939531859e+03 -4.970876964082708582e+02
2.402060116272865343e+03 -5.429762568962760270e+02
2.402080949606198828e+03 -2.686650343441870064e+02
2.402101782939531859e+03 -1.580882459965068847e+02
2.402122616272865343e+03 -2.898668038321193308e+01
2.402143449606198828e+03 -3.468700598410796374e+02
2.402164282939531859e+03 -2.645256088399328291e+02
2.402185116272865343e+03 -4.505270326429745182e+02
2.402205949606198828e+03 -6.409395333414431661e+02
2.402226782939531859e+03 -6.383114789096871391e+02
2.402247616272865343e+03 -9.916918450649827719e+02
2.402268449606198828e+03 -8.014094248752808198e+02
2.402289282939531859e+03 -7.622213569961022586e+02
2.402310116272865343e+03 -6.541383140586549416e+02
2.402330949606198828e+03 -2.279973130701109767e+02
2.402351782939531859e+03 -1.638622710795607418e+01
2.402372616272865343e+03 -1.044253229411900975e+03
2.402393449606198828e+03 -8.976071473211050034e+01
2.402414282939531859e+03 6.725731167556950822e+02
2.402435116272865343e+03 -1.918398806597106159e+02
2.402455949606198828e+03 -1.235652687586843967e+02
2.402476782939531859e+03 -3.831585928666172549e+02
2.402497616272865343e+03 1.470184714590432122e+02
2.402518449606198828e+03 -5.379494271755684167e+02
2.402539282939531859e+03 -9.628179443664848804e+02
2.402560116272865343e+03 2.473119171138387173e+01
2.402580949606198828e+03 1.527660518889315426e+02
2.402601782939531859e+03 2.655268412437289953e+02
2.402622616272865343e+03 -2.132906776561867446e+01
2.402643449606198828e+03 7.281372430148767307e+02
2.402664282939531859e+03 -6.052803928789217025e+01
2.402685116272865343e+03 7.750898946617962793e+02
2.402705949606198828e+03 1.537853492895374075e+02
2.402726782939531859e+03 3.913342781398678198e+02
2.402747616272865343e+03 1.324845969572197646e+02
2.402768449606198828e+03 5.451825361768715084e+01
2.402789282939531859e+03 3.054414897167589515e+01
2.402810116272865343e+03 -3.552416508039459586e+01
2.402830949606198828e+03 1.357506556588923559e+02
2.402851782939531859e+03 -2.193236956191249192e+02
2.402872616272865343e+03 -1.926724242491181940e+02
2.402893449606198828e+03 -3.259386273667914793e+02
2.402914282939531859e+03 -2.156812012324808165e+02
2.402935116272865343e+03 -4.579894090594025329e+02
2.402955949606198828e+03 -3.165239445738261566e+02
2.402976782939532313e+03 5.135507120040711015e+01
2.402997616272865343e+03 -3.716672805811977014e+02
2.403018449606198828e+03 -9.193296837443485856e+02
2.403039282939532313e+03 -9.072585197641747072e+02
2.403060116272865343e+03 -4.803538741661468521e+02
2.403080949606198828e+03 -4.882675367553019896e+02
2.403101782939532313e+03 1.666532443193718791e+02
2.403122616272865343e+03 -2.054661201870767400e+02
2.403143449606198828e+03 -5.897056542860809714e+02
2.403164282939532313e+03 -3.984366023004986346e+02
2.403185116272865343e+03 -4.821800147969042882e+02
2.403205949606198828e+03 -1.776155772795900702e+02
2.403226782939532313e+03 -4.145111781707964838e+02
2.403247616272865343e+03 1.329217670693760738e+02
2.403268449606198828e+03 -3.997974333745660260e+02
2.403289282939532313e+03 -1.673204710381105542e+01
2.403310116272865343e+03 -1.392689257296733558e+02
2.403330949606198828e+03 -2.372935206535039470e+02
2.403351782939532313e+03 -1.967237107326509431e+02
2.403372616272865343e+03 -9.214137435802258551e+02
2.403393449606198828e+03 -4.071105584035394713e+02
2.403414282939532313e+03 -2.895402655180078000e+02
2.403435116272865343e+03 -9.039113455836195499e+01
2.403455949606198828e+03 1.667467054037842900e+02
2.403476782939532313e+03 3.975986870753113180e+02
2.403497616272865343e+03 4.258611525702290237e+02
2.403518449606198828e+03 4.221525816421490163e+01
2.403539282939532313e+03 9.875932025631191209e+02
2.403560116272865343e+03 7.885133450386347249e+02
2.403580949606198828e+03 4.422074704656843096e+02
2.403601782939532313e+03 2.216602728497236967e+02
2.403622616272865343e+03 2.009437104894313961e+02
2.403643449606198828e+03 7.628321423005545512e+02
2.403664282939532313e+03 -1.730276933329878375e+02
2.403685116272865343e+03 -6.890089951665140688e+02
2.403705949606198828e+03 -5.573184205812867731e+02
2.403726782939532313e+03 -2.557629638245562091e+02
2.403747616272865343e+03 1.659486940215574577e+02
2.403768449606198828e+03 1.950951296440325677e+02
2.403789282939532313e+03 6.376656248804647475e+01
2.403810116272865343e+03 4.052704994054511189e+01
2.403830949606198828e+03 -4.901312746433541179e+01
2.403851782939532313e+03 2.403617411169689149e+02
2.403872616272865343e+03 -2.560639255510177463e+02
2.403893449606198828e+03 -3.108793725848663598e+02
2.403914282939532313e+03 3.373726418373407796e+02
2.403935116272865343e+03 2.237558876201510429e+02
2.403955949606198828e+03 3.089745122197782621e+02
2.403976782939532313e+03 7.993910086456453428e+02
2.403997616272865343e+03 -2.511247096583247185e+01
2.404018449606198828e+03 5.486615869906963781e+02
2.404039282939532313e+03 -2.039568903552135453e+02
2.404060116272865343e+03 7.016238867106148973e+02
2.404080949606198828e+03 1.150620291767409071e+02
2.404101782939532313e+03 2.052395587296923622e+02
2.404122616272865343e+03 7.536817893418483436e+02
2.404143449606198828e+03 3.482679774465505034e+02
2.404164282939532313e+03 1.671251956239575520e+02
2.404185116272865343e+03 1.096976255510235205e+03
2.404205949606198828e+03 1.751514516565948725e+02
2.404226782939532313e+03 3.627905210844473913e+02
2.404247616272865343e+03 4.841466008897405118e+02
2.404268449606198828e+03 1.146375381580437534e+03
2.404289282939532313e+03 4.972749264001613483e+02
2.404310116272865343e+03 7.521479466246673837e+02
2.404330949606198828e+03 -2.428061477666487917e+02
2.404351782939532313e+03 4.545512753108050674e+01
2.404372616272865343e+03 1.054207110538845882e+02
2.404393449606198828e+03 -9.694429520486155525e+02
2.404414282939532313e+03 nan
2.404435116272865343e+03 nan
2.404455949606198828e+03 nan
2.404476782939532313e+03 nan
2.404497616272865343e+03 nan
2.404518449606198828e+03 nan
2.404539282939532313e+03 nan
2.404560116272865343e+03 nan
2.404580949606198828e+03 nan
2.404601782939532313e+03 nan
2.404622616272865343e+03 nan
2.404643449606198828e+03 nan
2.404664282939532313e+03 nan
2.404685116272865343e+03 nan
2.404705949606198828e+03 nan
2.404726782939532313e+03 nan
2.404747616272865343e+03 nan
2.404768449606198828e+03 nan
2.404789282939532313e+03 nan
2.404810116272865343e+03 nan
2.404830949606198828e+03 nan
2.404851782939532313e+03 nan
2.404872616272865343e+03 nan
2.404893449606198828e+03 nan
2.404914282939532313e+03 nan
2.404935116272865343e+03 nan
2.404955949606198828e+03 nan
2.404976782939532313e+03 nan
2.404997616272865343e+03 nan
2.405018449606198828e+03 nan
2.405039282939532313e+03 nan
2.405060116272865343e+03 nan
2.405080949606198828e+03 nan
2.405101782939532313e+03 nan
2.405122616272865343e+03 nan
2.405143449606198828e+03 nan
2.405164282939532313e+03 nan
2.405185116272865343e+03 nan
2.405205949606198828e+03 nan
2.405226782939532313e+03 nan
2.405247616272865343e+03 nan
2.405268449606198828e+03 nan
2.405289282939532313e+03 nan
2.405310116272865343e+03 nan
2.405330949606198828e+03 -1.448414016363094561e+03
2.405351782939532313e+03 -1.188675488315057009e+02
2.405372616272865343e+03 6.464969165079528466e+02
2.405393449606198828e+03 2.862614713462535292e+02
2.405414282939532313e+03 5.167194522762438282e+02
2.405435116272865343e+03 2.495084872432053089e+02
2.405455949606198828e+03 4.431602510000811890e+02
2.405476782939532313e+03 2.858932081590173766e+02
2.405497616272865343e+03 -1.498882128762779757e+02
2.405518449606198828e+03 2.359190746461972594e+02
2.405539282939532313e+03 8.156077410572906956e+02
2.405560116272865343e+03 -3.551295187629293650e+02
2.405580949606198828e+03 4.374061496824724600e+02
2.405601782939532313e+03 -4.901223681240808219e+02
2.405622616272865343e+03 -1.157285321201197803e+02
2.405643449606198828e+03 6.891989936252357438e+02
2.405664282939532313e+03 7.809786515621235594e+02
2.405685116272865343e+03 2.312800824001897126e+02
2.405705949606198828e+03 1.335757998455082998e+02
2.405726782939532313e+03 4.426105320537462831e+02
2.405747616272865343e+03 4.941303963284008205e+01
2.405768449606198828e+03 1.087679723486071452e+02
2.405789282939532313e+03 8.292608227701857686e+02
2.405810116272865343e+03 -4.724261110881343484e+02
2.405830949606198828e+03 7.947264774241484702e+02
2.405851782939532313e+03 4.847775851672049612e+02
2.405872616272865343e+03 4.382449994176859036e+02
2.405893449606198828e+03 8.703603925078641623e+01
2.405914282939532313e+03 3.969823714460944757e+02
2.405935116272865343e+03 3.437442704986315221e+02
2.405955949606198828e+03 -3.400136332421097904e+02
2.405976782939532313e+03 4.772582750439178199e+02
2.405997616272865343e+03 -1.108204191778786480e+02
2.406018449606198828e+03 1.060518972964491695e+02
2.406039282939532313e+03 -4.422634631218388677e+02
2.406060116272865343e+03 2.302047878648154438e+02
2.406080949606198828e+03 -1.962817534919595346e+02
2.406101782939532313e+03 4.933645715690217912e+02
2.406122616272865343e+03 1.614944807277061045e+01
2.406143449606198828e+03 -2.676167478078277782e+02
2.406164282939532313e+03 -7.817506074663251638e+02
2.406185116272865343e+03 -6.603257547855610028e+02
2.406205949606198828e+03 -9.017266968463081867e+01
2.406226782939532313e+03 -3.560095885514747351e+02
2.406247616272865343e+03 -4.261581940354080871e+02
2.406268449606198828e+03 4.502565891557605937e+02
2.406289282939532313e+03 3.291301250106189400e+02
2.406310116272865343e+03 6.328619109803112224e+02
2.406330949606198828e+03 -5.796176421532873064e+02
2.406351782939532313e+03 5.491834043189883232e+02
2.406372616272865343e+03 -7.768827871012035757e+01
2.406393449606198828e+03 -9.656124464015010744e+02
2.406414282939532313e+03 -6.070934837079839781e+02
2.406435116272865343e+03 -3.651036505212541670e+02
2.406455949606198828e+03 -4.359199746296508238e+02
2.406476782939532313e+03 -1.612511768919648603e+02
2.406497616272865343e+03 -4.385965797598473728e+02
2.406518449606198828e+03 -1.444754503251751885e+02
2.406539282939532313e+03 -7.013967883959412575e+01
2.406560116272865343e+03 -3.673516674026614055e+02
2.406580949606198828e+03 -7.317733683893457055e+02
2.406601782939532313e+03 -4.859985723600257188e+02
2.406622616272865343e+03 5.472163649844005704e+02
2.406643449606198828e+03 -1.786698575958143920e+01
2.406664282939532313e+03 6.364580380101688206e+01
2.406685116272865343e+03 -5.299556853473186493e+02
2.406705949606198828e+03 1.567529553644126281e+02
2.406726782939532313e+03 -2.312042713772971183e+02
2.406747616272865343e+03 -1.058673940931912512e+02
2.406768449606198828e+03 -5.538960196354892105e+02
2.406789282939532313e+03 -6.818686173137975857e+02
2.406810116272865343e+03 3.543072518338449299e+02
2.406830949606198828e+03 1.589660597507026978e+03
2.406851782939532313e+03 5.811339352967916057e+02
2.406872616272865343e+03 1.778819179806159809e+02
2.406893449606198828e+03 5.301698793801479042e+02
2.406914282939532313e+03 4.718950066482648253e+01
2.406935116272865343e+03 9.529284380745375529e+02
2.406955949606198828e+03 1.201327481718151830e+03
2.406976782939532313e+03 -8.817253679083660245e+01
2.406997616272865343e+03 -4.238310337404254824e+01
2.407018449606198828e+03 -3.890280592674389482e+02
2.407039282939532313e+03 5.256718937354162335e+02
2.407060116272865343e+03 -6.539318806839874014e+02
2.407080949606198828e+03 -6.898774868443142623e+02
2.407101782939532313e+03 -5.176093831309117377e+02
2.407122616272865343e+03 -9.451911715052556247e+02
2.407143449606198828e+03 -1.000461178090656176e+03
2.407164282939532313e+03 3.274455870068632066e+02
2.407185116272865343e+03 -2.760131417878437787e+01
2.407205949606198828e+03 -3.754923171125119552e+02
2.407226782939532313e+03 -1.222565473438939080e+03
2.407247616272865343e+03 5.270698315517511219e+02
2.407268449606198828e+03 -5.338947874099249020e+02
2.407289282939532313e+03 -4.445847297285217792e+01
2.407310116272865343e+03 4.826491277454188094e+02
2.407330949606198828e+03 -7.422414939617738128e+00
2.407351782939532313e+03 5.087610609864350408e+02
2.407372616272865343e+03 -9.431674770673271269e+02
2.407393449606198828e+03 1.971256287292344496e+02
2.407414282939532313e+03 -6.548379068009089679e+02
2.407435116272865343e+03 5.820198829332366586e+01
2.407455949606198828e+03 -6.101149070423562080e+02
2.407476782939532313e+03 -1.976562799741514027e+02
2.407497616272865343e+03 -3.873399157170206308e+01
2.407518449606198828e+03 2.388131233792519197e+02
2.407539282939532313e+03 1.435889442062471062e+02
2.407560116272865343e+03 8.055525422415230423e+02
2.407580949606198828e+03 1.003627157640061341e+03
2.407601782939532313e+03 2.568923568294849247e+02
2.407622616272865343e+03 1.161977131685824133e+03
2.407643449606198828e+03 5.771757994869258255e+02
2.407664282939532313e+03 5.765367712274892256e+02
2.407685116272865343e+03 2.505121384853264317e+02
2.407705949606198828e+03 4.613412337217014283e+02
2.407726782939532313e+03 8.445119155524298549e+02
2.407747616272865343e+03 1.305001650635385886e+02
2.407768449606198828e+03 5.585896729868836701e+02
2.407789282939532313e+03 4.543493572766892612e+02
2.407810116272865343e+03 -1.726434584148228168e+01
2.407830949606198828e+03 2.552681228090077639e+02
2.407851782939532313e+03 -8.668617899296805263e+01
2.407872616272865343e+03 1.011699732195120305e+01
2.407893449606198828e+03 -2.809500167173100635e+02
2.407914282939532313e+03 -8.762528117611072958e+02
2.407935116272865343e+03 -5.412158111017197371e+02
2.407955949606198828e+03 -6.065018470827490091e+02
2.407976782939532313e+03 -1.324978560758288950e+03
2.407997616272865343e+03 -1.367600480410386808e+03
2.408018449606198828e+03 -1.518428268686519004e+03
2.408039282939532313e+03 -1.770766747914371081e+03
2.408060116272865343e+03 -5.708259587611537427e+02
2.408080949606198828e+03 -6.487446089017903432e+02
2.408101782939532313e+03 -3.349952891381690279e+02
2.408122616272865343e+03 -6.114648751756176353e+02
2.408143449606198828e+03 -5.660229063034057617e+01
2.408164282939532313e+03 -2.413717548353597522e+02
2.408185116272865343e+03 -5.163208341067656875e+02
2.408205949606198828e+03 -5.301564022811362520e+02
2.408226782939532313e+03 -8.897107891563791782e+02
2.408247616272865343e+03 3.350798288317164406e+02
2.408268449606198828e+03 -1.245499899846618064e+03
2.408289282939532313e+03 7.658996030129492283e+01
2.408310116272865343e+03 8.867018198105506599e+01
2.408330949606198828e+03 -8.295283941600937396e+02
2.408351782939532313e+03 -7.000874699873384088e+01
2.408372616272865343e+03 -2.894879273313563317e+02
2.408393449606198828e+03 8.824123407597653568e+01
2.408414282939532313e+03 -8.525586681102868170e+01
2.408435116272865343e+03 9.503815191915491596e+02
2.408455949606198828e+03 3.466236648797057569e+02
2.408476782939532313e+03 -3.227130993277532980e+02
2.408497616272865343e+03 7.525447990605607629e+01
2.408518449606198828e+03 -8.267024244136409834e+02
2.408539282939531859e+03 -4.949138557118130848e+02
2.408560116272865343e+03 -6.596815886133117601e+02
2.408580949606198828e+03 1.524999144056346267e+01
2.408601782939531859e+03 -1.709159197872504592e+02
2.408622616272865343e+03 2.170036812698235735e+02
2.408643449606198828e+03 3.614809611837845296e+02
2.408664282939531859e+03 1.340682098981924355e+02
2.408685116272865343e+03 3.688155975460540503e+01
2.408705949606198828e+03 -2.765278346880804747e+02
2.408726782939531859e+03 2.282142856717109680e+01
2.408747616272865343e+03 1.107466361828614026e+03
2.408768449606198828e+03 1.711823356660315767e+02
2.408789282939531859e+03 9.953674163116374984e+02
2.408810116272865343e+03 1.021148195712594315e+02
2.408830949606198828e+03 2.790446644814219326e+02
2.408851782939531859e+03 2.225266616675071418e+00
2.408872616272865343e+03 -9.012117084730416536e+02
2.408893449606198828e+03 -9.887485318082617596e+02
2.408914282939531859e+03 -7.305588329744059592e+02
2.408935116272865343e+03 -1.630569027468562126e+03
2.408955949606198828e+03 -1.056687735139857978e+03
2.408976782939531859e+03 -8.904563750542001799e+02
2.408997616272865343e+03 -3.687393851330270991e+02
2.409018449606198828e+03 -2.827748665568651631e+02
2.409039282939531859e+03 3.788264081443194300e+02
2.409060116272865343e+03 -2.695857711967546493e+02
2.409080949606198828e+03 7.711419690473703668e+02
2.409101782939531859e+03 8.619724906972842291e+02
2.409122616272865343e+03 8.621538263809634373e+02
2.409143449606198828e+03 6.144722608744632453e+01
2.409164282939531859e+03 7.119704232818912715e+02
2.409185116272865343e+03 8.234837598046287894e+02
2.409205949606198828e+03 1.921404345530318096e+02
2.409226782939531859e+03 -2.456558725428767502e+02
2.409247616272865343e+03 1.730279868340585381e+02
2.409268449606198828e+03 4.346197995117399842e+02
2.409289282939531859e+03 1.689861409796867520e+01
2.409310116272865343e+03 -2.554331649326486513e+02
2.409330949606198828e+03 -4.150254710472654551e+01
2.409351782939531859e+03 -1.556586193878902122e+02
2.409372616272865343e+03 4.952506830823840573e+02
2.409393449606198828e+03 -2.985085352566093206e+02
2.409414282939531859e+03 1.908294931021519005e+02
2.409435116272865343e+03 1.375769615340046585e+03
2.409455949606198828e+03 -2.432368470464134589e+02
2.409476782939531859e+03 2.449221139146247879e+02
2.409497616272865343e+03 -1.434300311843398958e+02
2.409518449606198828e+03 -2.957460249789291993e+02
2.409539282939531859e+03 7.559739530590595677e+02
2.409560116272865343e+03 9.334954157043248415e+02
2.409580949606198828e+03 4.414595123358303681e+02
2.409601782939531859e+03 4.669388915566960350e+02
2.409622616272865343e+03 5.824761389353079721e+02
2.409643449606198828e+03 -3.209184697491582483e+01
2.409664282939531859e+03 -1.151851145707070827e+03
2.409685116272865343e+03 -8.914967584478436038e+02
2.409705949606198828e+03 -7.895192190206144005e+02
2.409726782939531859e+03 -2.047169529855018482e+02
2.409747616272865343e+03 4.952815867390017956e+01
2.409768449606198828e+03 3.241522116813575849e+02
2.409789282939531859e+03 1.146395954002509825e+03
2.409810116272865343e+03 1.337874102147412486e+03
2.409830949606198828e+03 4.702096711149206385e+02
2.409851782939531859e+03 4.670887283759657294e+01
2.409872616272865343e+03 1.029774499083985575e+03
2.409893449606198828e+03 7.115068598131183535e+02
2.409914282939531859e+03 9.465329028657870367e+02
2.409935116272865343e+03 6.130519012346630916e+02
2.409955949606198828e+03 6.296032828966854140e+02
2.409976782939531859e+03 9.018408595632063225e+02
2.409997616272865343e+03 1.012567576416302472e+03
2.410018449606198828e+03 -1.286006143064005300e+02
2.410039282939531859e+03 2.029742416411172599e+02
2.410060116272865343e+03 1.988865955687360838e+02
2.410080949606198828e+03 3.122054155587684363e+02
2.410101782939531859e+03 1.089841165090096183e+03
2.410122616272865343e+03 4.015145078372443095e+02
2.410143449606198828e+03 6.295860432661138475e+02
2.410164282939531859e+03 1.562953254938009195e+03
2.410185116272865343e+03 8.512269213146064430e+02
2.410205949606198828e+03 1.707290819329326041e+03
2.410226782939531859e+03 4.426453751216176897e+02
2.410247616272865343e+03 4.813489579263841733e+02
2.410268449606198828e+03 4.598753783549182117e+02
2.410289282939531859e+03 9.766876208595931530e+00
2.410310116272865343e+03 2.318902199920266867e+02
2.410330949606198828e+03 3.020019194162450731e+02
2.410351782939531859e+03 -4.681796285879099742e+02
2.410372616272865343e+03 5.403976646966766566e+02
2.410393449606198828e+03 1.825092060593888164e+02
2.410414282939531859e+03 2.909338912315433845e+02
2.410435116272865343e+03 -4.739010701876832172e+02
2.410455949606198828e+03 9.817700050037819892e+01
2.410476782939531859e+03 9.648868814029265195e+01
2.410497616272865343e+03 -5.790019286172464490e+02
2.410518449606198828e+03 -5.253725455455714837e+02
2.410539282939531859e+03 -7.463274404507828876e+02
2.410560116272865343e+03 -5.770528835626319051e+02
2.410580949606198828e+03 -1.038946737449266948e+03
2.410601782939531859e+03 -4.414357205795822665e+02
2.410622616272865343e+03 -1.193333558505401015e+02
2.410643449606198828e+03 2.179238440596964210e+01
2.410664282939531859e+03 -5.019657672313041985e+02
2.410685116272865343e+03 -5.418975813005818054e+02
2.410705949606198828e+03 -7.708874281930038705e+02
2.410726782939531859e+03 -2.082132058691931888e+02
2.410747616272865343e+03 -1.589641926498152316e+02
2.410768449606198828e+03 -4.128975337056908756e+01
2.410789282939531859e+03 -3.180079798005754128e+02
2.410810116272865343e+03 -3.072410322431242093e+02
2.410830949606198828e+03 1.176943022962659597e+02
2.410851782939531859e+03 3.382362525621429086e+02
2.410872616272865343e+03 -5.157209652188466862e+02
2.410893449606198828e+03 -1.141741253802436404e+03
2.410914282939531859e+03 -3.435073971790261567e+02
2.410935116272865343e+03 -9.658971142608206719e+02
2.410955949606198828e+03 -6.119576626056805253e+02
2.410976782939531859e+03 8.690064940254669636e+02
2.410997616272865343e+03 -9.227420381677802652e+01
2.411018449606198828e+03 1.369109320339048281e+02
2.411039282939531859e+03 4.801206526616588235e+02
2.411060116272865343e+03 6.814286380719859153e+02
2.411080949606198828e+03 7.833498740823706612e+02
2.411101782939531859e+03 8.235243399756727740e+02
2.411122616272865343e+03 6.817268152149626985e+02
2.411143449606198828e+03 -8.617899121379014105e+01
2.411164282939531859e+03 4.958298682324821129e+02
2.411185116272865343e+03 -4.482011492329183966e+01
2.411205949606198374e+03 4.923607877606991678e+01
2.411226782939531859e+03 1.816425563797820359e+02
2.411247616272865343e+03 -1.931253753398777917e+02
2.411268449606198374e+03 -4.788985942250583321e+02
2.411289282939531859e+03 -1.218743324873503298e+02
2.411310116272865343e+03 -9.434881002831971273e+02
2.411330949606198374e+03 -5.631452426222385839e+02
2.411351782939531859e+03 1.416384932352229953e+02
2.411372616272865343e+03 3.891957333723548800e+02
2.411393449606198374e+03 8.167368556212168187e+02
2.411414282939531859e+03 7.660528251889627427e+02
2.411435116272865343e+03 6.569989424895029515e+02
2.411455949606198374e+03 -1.154657743199495599e+02
2.411476782939531859e+03 -3.450938825191697106e+02
2.411497616272865343e+03 8.583548043828923255e+02
2.411518449606198374e+03 1.859942825138568878e+01
2.411539282939531859e+03 -3.076107214201474562e+02
2.411560116272865343e+03 6.650110976706491783e+02
2.411580949606198374e+03 -2.958408566904254258e+02
2.411601782939531859e+03 -2.209590968714328483e+02
2.411622616272865343e+03 -6.113003337963018566e+02
2.411643449606198374e+03 3.225560585795901716e+02
2.411664282939531859e+03 3.257737405719235539e+02
2.411685116272865343e+03 -4.819678694615140557e+01
2.411705949606198374e+03 -3.563848128208192065e+02
2.411726782939531859e+03 3.976601661472814158e+02
2.411747616272865343e+03 4.120536937601864338e+02
2.411768449606198374e+03 5.189110710015520453e+02
2.411789282939531859e+03 -1.370610882448963821e+02
2.411810116272865343e+03 4.110433718869462609e+02
2.411830949606198374e+03 -7.108750570184784010e+02
2.411851782939531859e+03 -4.180276194181060418e+02
2.411872616272865343e+03 1.205827563586644828e+02
2.411893449606198374e+03 -2.003067933073034510e+02
2.411914282939531859e+03 -1.012961119804531336e+02
2.411935116272865343e+03 2.664541149011347443e+02
2.411955949606198374e+03 -4.283670397703535855e+02
2.411976782939531859e+03 5.187645903456723318e+02
2.411997616272865343e+03 6.193931420784210786e+02
2.412018449606198374e+03 3.725908693100791425e+02
2.412039282939531859e+03 7.181097610410070047e+02
2.412060116272865343e+03 7.485600849883630872e+02
2.412080949606198374e+03 9.599443039274774492e+00
2.412101782939531859e+03 nan
2.412122616272865343e+03 -2.255996870117960498e+02
2.412143449606198374e+03 -9.701180022914195433e+02
2.412164282939531859e+03 3.124390378070529550e+02
2.412185116272865343e+03 -3.199987988985376433e+02
2.412205949606198374e+03 -8.119113306924700737e+02
2.412226782939531859e+03 -1.746146167408442125e+02
2.412247616272865343e+03 -5.509604658973403275e+02
2.412268449606198374e+03 -1.152361531289061531e+02
2.412289282939531859e+03 -3.846402133933734149e+02
2.412310116272865343e+03 -1.006302830794593319e+02
2.412330949606198374e+03 2.628087178753921762e+02
2.412351782939531859e+03 3.771315358830615878e+02
2.412372616272865343e+03 -3.474741520039970055e+02
2.412393449606198374e+03 -3.866941202713642269e+02
2.412414282939531859e+03 2.240232727340189740e+02
2.412435116272865343e+03 1.386348308611195534e+01
2.412455949606198374e+03 -1.409237900892971084e+03
2.412476782939531859e+03 -7.881519864046713337e+02
2.412497616272865343e+03 -7.567736489153467119e+02
2.412518449606198374e+03 -1.063879429291584529e+03
2.412539282939531859e+03 -3.945134495943784714e+02
2.412560116272865343e+03 -6.333700992988888174e+02
2.412580949606198374e+03 -3.799923033467493951e+02
2.412601782939531859e+03 5.629177449814742431e+02
2.412622616272865343e+03 1.278660726406378672e+02
2.412643449606198374e+03 -4.814100909737171605e+02
2.412664282939531859e+03 -5.063125658765202388e+02
2.412685116272865343e+03 -3.088026160524459556e+02
2.412705949606198374e+03 -1.432888738841400482e+03
2.412726782939531859e+03 -2.936849838269408792e+02
2.412747616272865343e+03 -9.623515159927774221e+02
2.412768449606198374e+03 -9.752952905177371576e+02
2.412789282939531859e+03 -6.621122768765781075e+02
2.412810116272865343e+03 -7.784309808351099491e+02
2.412830949606198374e+03 -6.144405942508019507e+02
2.412851782939531859e+03 -8.434208157560788095e+02
2.412872616272865343e+03 1.345444359616376460e+02
2.412893449606198374e+03 2.148902858247747645e+02
2.412914282939531859e+03 9.041420060396194458e+01
2.412935116272865343e+03 9.254811507731210440e+01
2.412955949606198374e+03 2.861150592071935534e+02
2.412976782939531859e+03 -5.169109784939792007e+01
2.412997616272865343e+03 -4.874808542262762785e+02
2.413018449606198374e+03 -7.802441878709942102e+02
2.413039282939531859e+03 -5.460085563580505550e+02
2.413060116272865343e+03 -9.871706751941237599e+02
2.413080949606198374e+03 -5.512716502635739744e+02
2.413101782939531859e+03 -4.143544837227091193e+02
2.413122616272865343e+03 6.389410989579046145e+02
2.413143449606198374e+03 -2.000791261889971793e+02
2.413164282939531859e+03 -4.093826454757945612e+02
2.413185116272865343e+03 -2.390131660082843155e+02
2.413205949606198374e+03 -2.561299487015930936e+02
2.413226782939531859e+03 1.614675282455282286e+02
2.413247616272865343e+03 5.025518695953069255e+02
2.413268449606198374e+03 3.626966665090294555e+02
2.413289282939531859e+03 -2.858456637072376907e+02
2.413310116272865343e+03 3.383990895330207422e+02
2.413330949606198374e+03 -2.882321307127131149e+02
2.413351782939531859e+03 -5.001167301979148760e+02
2.413372616272865343e+03 -6.609741477284114808e+01
2.413393449606198374e+03 -5.393038687290390953e+02
2.413414282939531859e+03 -2.251028375998139381e+02
2.413435116272865343e+03 -2.237791744351852685e+01
2.413455949606198374e+03 -1.080838973082136363e+02
2.413476782939531859e+03 2.746218597696861252e+02
2.413497616272865343e+03 -2.507936969912843779e+02
2.413518449606198374e+03 1.479002371791284531e+01
2.413539282939531859e+03 1.767281799199990928e+02
2.413560116272865343e+03 4.630330685772933066e+02
2.413580949606198374e+03 2.003259309806162491e+02
2.413601782939531859e+03 4.686802485260413960e+02
2.413622616272865343e+03 -5.948556259787874296e+02
2.413643449606198374e+03 3.923508966927183792e+02
2.413664282939531859e+03 -1.074404517337679863e+02
2.413685116272865343e+03 -2.536457841433584690e+02
2.413705949606198374e+03 1.779103236310184002e+02
2.413726782939531859e+03 -7.066776966293109581e+02
2.413747616272865343e+03 3.271987072507617995e+02
2.413768449606198374e+03 9.325959842030424625e+02
2.413789282939531859e+03 -4.251345326297450811e+02
2.413810116272865343e+03 -8.031929548311745748e+02
2.413830949606198374e+03 -5.722821835533250123e+02
2.413851782939531859e+03 -2.127345642427681014e+02
2.413872616272864889e+03 -2.096619931933237240e+02
2.413893449606198374e+03 -6.049603693209355697e+02
2.413914282939531859e+03 -2.885264654492493719e+01
2.413935116272864889e+03 -9.167476550246356055e+02
2.413955949606198374e+03 -1.203348092132946476e+02
2.413976782939531859e+03 2.988829238124890253e+02
2.413997616272864889e+03 -2.430712779605528340e+02
2.414018449606198374e+03 -3.326353264058707282e+02
2.414039282939531859e+03 -9.303234721848275512e+01
2.414060116272864889e+03 -3.041840445857960731e+02
2.414080949606198374e+03 2.819611328706378117e+02
2.414101782939531859e+03 3.997923547744285315e+02
2.414122616272864889e+03 6.714578137602657080e+02
2.414143449606198374e+03 1.942584412058349699e+02
2.414164282939531859e+03 2.735251509386580437e+01
2.414185116272864889e+03 3.924270415356149897e+02
2.414205949606198374e+03 8.076343887259718031e+02
2.414226782939531859e+03 1.135871081844787113e+03
2.414247616272864889e+03 6.116232411152450368e+02
2.414268449606198374e+03 1.245626978462096304e+02
2.414289282939531859e+03 5.938546338907908648e+02
2.414310116272864889e+03 8.102477640699362382e+02
2.414330949606198374e+03 1.284766827535233460e+03
2.414351782939531859e+03 7.613250195771688595e+02
2.414372616272864889e+03 5.925195232407422736e+02
2.414393449606198374e+03 5.506900885145878419e+02
2.414414282939531859e+03 5.916218198048882186e+02
2.414435116272864889e+03 7.999711013376945630e+02
2.414455949606198374e+03 7.580618472116766497e+02
2.414476782939531859e+03 1.286068151147337630e+03
2.414497616272864889e+03 8.218907561914529651e+02
2.414518449606198374e+03 7.099356322204694152e+02
2.414539282939531859e+03 1.252361715822480619e+03
2.414560116272864889e+03 -1.975166554091265425e+02
2.414580949606198374e+03 8.255943433038191870e+02
2.414601782939531859e+03 5.134982876209542155e+02
2.414622616272864889e+03 1.335273270597681403e+02
2.414643449606198374e+03 3.663009130805730820e+02
2.414664282939531859e+03 2.558164686396485195e+02
2.414685116272864889e+03 6.729451257695909590e+02
2.414705949606198374e+03 2.144404429863207042e+02
2.414726782939531859e+03 3.034291570486966521e+02
2.414747616272864889e+03 3.445980038264533505e+02
2.414768449606198374e+03 1.500641919907415286e+03
2.414789282939531859e+03 1.744587668401654810e+03
2.414810116272864889e+03 1.656848077784525231e+02
2.414830949606198374e+03 1.304189741009380668e+03
2.414851782939531859e+03 1.311545682347845286e+03
2.414872616272864889e+03 6.525394931768532842e+02
2.414893449606198374e+03 8.843372443993575871e+02
2.414914282939531859e+03 -3.191766267507337034e+02
2.414935116272864889e+03 6.323865587926702574e+02
2.414955949606198374e+03 -4.461334027852863073e+02
2.414976782939531859e+03 -5.553865968369645998e+02
2.414997616272864889e+03 -6.190662751795025542e+02
2.415018449606198374e+03 -1.971009035031311214e+02
2.415039282939531859e+03 -2.800071891620755196e+02
2.415060116272864889e+03 -1.265976806216640398e+02
2.415080949606198374e+03 -3.445022341323783621e+02
2.415101782939531859e+03 -2.195454498621402308e+02
2.415122616272864889e+03 3.534434727429179475e+02
2.415143449606198374e+03 1.719601690390845761e+02
2.415164282939531859e+03 3.224110351667040959e+02
2.415185116272864889e+03 -9.928921996068675071e+01
2.415205949606198374e+03 2.719748127553611994e+02
2.415226782939531859e+03 -3.494976311336504295e+02
2.415247616272864889e+03 3.089439415171509609e+02
2.415268449606198374e+03 -7.630753318917704746e+02
2.415289282939531859e+03 -4.822015119942370802e+02
2.415310116272864889e+03 -1.128453156832372770e+03
2.415330949606198374e+03 -1.481607128837495111e+03
2.415351782939531859e+03 -1.175310527331545018e+03
2.415372616272864889e+03 -6.008287820032564923e+02
2.415393449606198374e+03 -9.465299807087285444e+02
2.415414282939531859e+03 -1.413488842500373721e+01
2.415435116272864889e+03 2.018542855251580477e+02
2.415455949606198374e+03 -2.647263886419823393e+02
2.415476782939531859e+03 5.427621826013782993e+02
2.415497616272864889e+03 4.001815328567754477e+02
2.415518449606198374e+03 1.661114472534973174e+02
2.415539282939531859e+03 -2.328658146533416584e+02
2.415560116272864889e+03 3.293779669282957911e+02
2.415580949606198374e+03 4.745669780835742131e+02
2.415601782939531859e+03 -9.309179126473609358e+02
2.415622616272864889e+03 -1.073623692813562229e+02
2.415643449606198374e+03 -8.487039343472570181e+02
2.415664282939531859e+03 -4.171498887558700517e+02
2.415685116272864889e+03 -6.383538661923957989e+02
2.415705949606198374e+03 -8.115018287415150553e+02
2.415726782939531859e+03 -1.262203286133240908e+03
2.415747616272864889e+03 3.102697930004214868e+02
2.415768449606198374e+03 1.314200451248325408e+01
2.415789282939531859e+03 -3.141923242874909192e+02
2.415810116272864889e+03 -2.904484043598640710e+02
2.415830949606198374e+03 -3.514347381205298007e+02
2.415851782939531859e+03 3.256323133590631187e+02
2.415872616272864889e+03 -3.421263664931757376e+02
2.415893449606198374e+03 2.580297849370399490e+02
2.415914282939531859e+03 -3.379855891810730100e+02
2.415935116272864889e+03 8.317745816468959674e+02
2.415955949606198374e+03 2.057615446966374293e+02
2.415976782939531859e+03 5.824487414979375899e+02
2.415997616272864889e+03 3.427145918599562719e+02
2.416018449606198374e+03 -7.559751477630343288e+02
2.416039282939531859e+03 -2.159672441745642573e+02
2.416060116272864889e+03 -6.573978962294058874e+02
2.416080949606198374e+03 -1.188615598607575521e+03
2.416101782939531859e+03 -7.466763843600638211e+02
2.416122616272864889e+03 -4.234465015188325197e+02
2.416143449606198374e+03 2.804247321878792718e+02
2.416164282939531859e+03 -8.944966409734915942e+02
2.416185116272864889e+03 -4.880134062250144780e+02
2.416205949606198374e+03 3.017205194523558021e+02
2.416226782939531859e+03 4.417192527288571000e+02
2.416247616272864889e+03 -9.825857624679338187e+01
2.416268449606198374e+03 6.781746373930945992e+01
2.416289282939531859e+03 8.369279552728403360e+01
2.416310116272864889e+03 -6.029351514192530885e+02
2.416330949606198374e+03 -5.844608466783538461e+02
2.416351782939531859e+03 -2.959492084356024861e+02
2.416372616272864889e+03 -4.808748468585545197e+02
2.416393449606198374e+03 -1.170241053286357783e+03
2.416414282939531859e+03 -3.019845101969549432e+02
2.416435116272864889e+03 -9.741473468040348962e+02
2.416455949606198374e+03 -3.781240507541224360e+02
2.416476782939531859e+03 -8.714836835764581338e+02
2.416497616272864889e+03 -7.802469107183860615e+02
2.416518449606198374e+03 -3.057698458750965074e+02
2.416539282939531404e+03 -9.623655693220207468e+02
2.416560116272864889e+03 -4.413896071446361020e+02
2.416580949606198374e+03 3.082246451659593731e+02
2.416601782939531404e+03 -1.325505127746146172e+02
2.416622616272864889e+03 1.109035734944627620e+03
2.416643449606198374e+03 6.674995824679499492e+02
2.416664282939531404e+03 -2.287195708052022383e+02
2.416685116272864889e+03 -3.661082037134328857e+02
2.416705949606198374e+03 1.197667501356918365e+02
2.416726782939531404e+03 -2.126571233696304262e+02
2.416747616272864889e+03 -8.593516691417898983e+02
2.416768449606198374e+03 -6.376758525578770787e+01
2.416789282939531404e+03 -5.599252349130110815e+02
2.416810116272864889e+03 -3.267092859246768057e+02
2.416830949606198374e+03 -5.756508920683991164e+02
2.416851782939531404e+03 -1.009827008042484522e+02
2.416872616272864889e+03 -2.047499778791097924e+02
2.416893449606198374e+03 1.907037008353509009e+02
2.416914282939531404e+03 5.167285831160843372e+02
2.416935116272864889e+03 7.373032259219326079e+02
2.416955949606198374e+03 2.054319716065656394e+02
2.416976782939531404e+03 4.033381808071862906e+01
2.416997616272864889e+03 2.828570249032927677e+02
2.417018449606198374e+03 -1.603093124964507297e+02
2.417039282939531404e+03 1.969449574707541615e+02
2.417060116272864889e+03 -1.042351127318106592e+02
2.417080949606198374e+03 -3.102894945967709646e+02
2.417101782939531404e+03 2.498627210952108726e+02
2.417122616272864889e+03 9.393974061266053468e+02
2.417143449606198374e+03 -3.192452492754673585e+02
2.417164282939531404e+03 -3.226395772321848199e+02
2.417185116272864889e+03 -5.619227408210281283e+01
2.417205949606198374e+03 3.494476105245994404e+02
2.417226782939531404e+03 1.478536081576021388e+02
2.417247616272864889e+03 4.425941039810422808e+02
2.417268449606198374e+03 7.807616987277287990e+01
2.417289282939531404e+03 3.123800653228536248e+02
2.417310116272864889e+03 -5.191009688957128674e+02
2.417330949606198374e+03 1.120309854035731405e+02
2.417351782939531404e+03 4.504358460684306920e+01
2.417372616272864889e+03 3.622968176002614200e+02
2.417393449606198374e+03 -8.956439273157157004e+02
2.417414282939531404e+03 3.314569828839739785e+02
2.417435116272864889e+03 2.030466875496786088e+02
2.417455949606198374e+03 1.714344408190809190e+02
2.417476782939531404e+03 -5.027448274701600894e+02
2.417497616272864889e+03 1.647343903101282194e+02
2.417518449606198374e+03 -3.778336553359404206e+02
2.417539282939531404e+03 -6.724149964738171548e+02
2.417560116272864889e+03 -3.691366917027626187e+02
2.417580949606198374e+03 -6.130620686023030430e+01
2.417601782939531404e+03 -2.374154161845799536e+02
2.417622616272864889e+03 -3.306899168489035219e+02
2.417643449606198374e+03 3.909510828997008502e+01
2.417664282939531404e+03 -2.459379102464299649e+01
2.417685116272864889e+03 1.410300154339056462e+02
2.417705949606198374e+03 7.853780628509121016e+02
2.417726782939531404e+03 5.675862828171811998e+02
2.417747616272864889e+03 7.622573423631256446e+02
2.417768449606198374e+03 1.105428096738178283e+03
2.417789282939531404e+03 8.068307735887356102e+02
2.417810116272864889e+03 1.617793853895273060e+02
2.417830949606198374e+03 8.109859265066916123e+02
2.417851782939531404e+03 7.739181748719420284e+01
2.417872616272864889e+03 5.472811877491185442e+02
2.417893449606198374e+03 -9.147268221969716251e+01
2.417914282939531404e+03 2.336753877823939547e+02
2.417935116272864889e+03 -1.659880518087884411e+02
2.417955949606198374e+03 2.967451692384202033e+01
2.417976782939531404e+03 5.499141983456211165e+02
2.417997616272864889e+03 7.102293274783296511e+02
2.418018449606198374e+03 3.198517005156027153e+02
2.418039282939531404e+03 3.710447585202055052e+02
2.418060116272864889e+03 5.212505579192657024e+01
2.418080949606198374e+03 5.668816406314726919e+02
2.418101782939531404e+03 -1.771068871357711032e+02
2.418122616272864889e+03 -3.212336929647717625e+02
2.418143449606198374e+03 -2.834276076565729454e+02
2.418164282939531404e+03 -9.731974772181129083e+02
2.418185116272864889e+03 -1.086230186077998951e+03
2.418205949606198374e+03 -7.378099482556572184e+02
2.418226782939531404e+03 -8.442221370417391881e+02
2.418247616272864889e+03 -6.902803414869122207e+02
2.418268449606198374e+03 -5.773975752597907558e+02
2.418289282939531404e+03 -1.134517939584329724e+02
2.418310116272864889e+03 -4.152412853671703488e+02
2.418330949606198374e+03 -6.230100980849238113e+02
2.418351782939531404e+03 -4.776468187475111336e+02
2.418372616272864889e+03 -1.908961245693499222e+02
2.418393449606198374e+03 1.217322846062015742e+02
2.418414282939531404e+03 -2.961246272862190381e+02
2.418435116272864889e+03 -2.517641890218947083e+02
2.418455949606198374e+03 -4.756732040764763951e+02
2.418476782939531404e+03 -3.879591548130847514e+02
2.418497616272864889e+03 2.210507502832915634e+02
2.418518449606198374e+03 1.356955187707208097e+02
2.418539282939531404e+03 -1.009073420065804385e+03
2.418560116272864889e+03 -1.125807781968032941e+02
2.418580949606198374e+03 -2.232776405109325424e+02
2.418601782939531404e+03 -9.997854086848674342e+02
2.418622616272864889e+03 -4.800929150183219463e+02
2.418643449606198374e+03 -5.614642549592535943e+02
2.418664282939531404e+03 -2.802227590980473906e+02
2.418685116272864889e+03 -3.405517992086242884e+02
2.418705949606198374e+03 -2.357725408135447651e+02
2.418726782939531404e+03 3.442011491095181555e+02
2.418747616272864889e+03 -2.669164736253442243e+02
2.418768449606198374e+03 3.896535860863514245e+01
2.418789282939531404e+03 5.407416687159566209e+02
2.418810116272864889e+03 5.347080007983604446e+02
2.418830949606198374e+03 -6.655302723182830960e+01
2.418851782939531404e+03 2.876801621883641928e+02
