3.285812697712507997e+03 -4.080510045485571027e+02
3.285833531045841482e+03 -7.404915178800001740e+01
3.285854364379174967e+03 -5.437703268475597724e+02
3.285875197712507997e+03 -6.988285891835112125e+02
3.285896031045841482e+03 -4.254347956064157188e+02
3.285916864379174967e+03 -3.640939272684045136e+02
3.285937697712507997e+03 -1.036182572396472096e+03
3.285958531045841482e+03 -5.964541055576410145e+01
3.285979364379174967e+03 -1.907468998780241236e+02
3.286000197712507997e+03 9.876177197848446667e+02
3.286021031045841482e+03 8.238206420158967376e+02
3.286041864379174967e+03 1.014717300140648149e+03
3.286062697712507997e+03 1.225122638859320432e+03
3.286083531045841482e+03 1.129131755391717888e+03
3.286104364379174967e+03 1.582985830469988286e+03
3.286125197712507997e+03 1.828990465944632888e+03
3.286146031045841482e+03 1.195971714250394143e+03
3.286166864379174967e+03 1.133489336921717040e+03
3.286187697712507997e+03 1.259353078533196822e+03
3.286208531045841482e+03 3.601663228356046602e+02
3.286229364379174967e+03 7.558899104668525979e+02
3.286250197712507997e+03 9.672577642342075706e+02
3.286271031045841482e+03 1.919844113218132406e+02
3.286291864379174967e+03 5.426474038112210110e+02
3.286312697712507997e+03 -3.256216670933645219e+01
3.286333531045841482e+03 6.336951984765473753e+02
3.286354364379174967e+03 -5.575475840584840626e+02
3.286375197712507997e+03 5.961454734165454283e+02
3.286396031045841482e+03 -3.287135531493695453e+02
3.286416864379174967e+03 -1.342334279869683087e+02
3.286437697712507997e+03 -4.649790692395763472e+02
3.286458531045841482e+03 5.268430665730265900e+02
3.286479364379174967e+03 -6.365745168139692396e+02
3.286500197712507997e+03 1.166476150591624901e+02
3.286521031045841482e+03 1.425519301682943478e+02
3.286541864379174967e+03 -1.105232115933904424e+02
3.286562697712507997e+03 2.953082032406236976e+02
3.286583531045841482e+03 -5.958504311377182603e+02
3.286604364379174967e+03 -2.947810262129642069e+02
3.286625197712507997e+03 1.301128853592090309e+02
3.286646031045841482e+03 -4.470339520626002923e+02
3.286666864379174967e+03 -7.395555060184560716e+02
3.286687697712507997e+03 -1.498531836085021496e+02
3.286708531045841482e+03 -2.742535745046334341e+02
3.286729364379174967e+03 -1.610956561332568526e+02
3.286750197712507997e+03 -7.910828327337512746e+02
3.286771031045841482e+03 -3.969077749777352437e+02
3.286791864379174967e+03 1.116996906501008198e+02
3.286812697712507997e+03 2.575243982661049813e+02
3.286833531045841482e+03 -6.228838703057263047e+02
3.286854364379174967e+03 -2.644295940720476210e+02
3.286875197712507997e+03 -6.744698443775996566e+01
3.286896031045841482e+03 -4.993122836377006024e+01
3.286916864379174967e+03 4.055304538720520213e+02
3.286937697712507997e+03 -4.349908013794338331e+02
3.286958531045841482e+03 1.403280491267796606e+02
3.286979364379174967e+03 -4.473104955664603040e+02
3.287000197712507997e+03 1.136987485078978352e+03
3.287021031045841482e+03 2.733248240574030206e+02
3.287041864379174967e+03 1.749991849144571461e+03
3.287062697712507997e+03 7.126723684263415635e+02
3.287083531045841482e+03 8.873491817458998412e+02
3.287104364379174967e+03 7.581728244351688772e+02
3.287125197712507997e+03 2.728018384473398328e+02
3.287146031045841482e+03 8.593746667029336095e+02
3.287166864379174967e+03 5.235889583538519219e+02
3.287187697712507997e+03 -6.563605762053048238e+02
3.287208531045841482e+03 -1.721844150952529162e+02
3.287229364379174967e+03 -5.941233233410166577e+02
3.287250197712507997e+03 -1.397590318724978715e+02
3.287271031045841482e+03 1.057026711750077084e+02
3.287291864379174967e+03 -1.721041711035184562e+03
3.287312697712507997e+03 -5.114106330585200340e+02
3.287333531045841482e+03 -3.286911723704542965e+01
3.287354364379174967e+03 -5.741353810472646728e+02
3.287375197712507997e+03 -4.222018282364588231e+02
3.287396031045841482e+03 1.327134951739571989e+02
3.287416864379174967e+03 5.152987081531900913e+02
3.287437697712507997e+03 1.046066586979082786e+03
3.287458531045841482e+03 6.273175251830834895e+02
3.287479364379174967e+03 3.758528926692670211e+02
3.287500197712507997e+03 5.458562144298339263e+02
3.287521031045841482e+03 5.968935891712317243e+02
3.287541864379174967e+03 4.059189716016408056e+01
3.287562697712507997e+03 2.146546036943327636e+02
3.287583531045841482e+03 5.776461179158650339e+01
3.287604364379174967e+03 -5.094463675915030763e+02
3.287625197712507997e+03 -5.732078450941480696e+02
3.287646031045841482e+03 -3.222431190048810095e+02
3.287666864379174967e+03 -9.614883110892260447e+02
3.287687697712507997e+03 -3.147299803503556177e+02
3.287708531045841482e+03 -6.424489964032545686e+01
3.287729364379174967e+03 -1.372587554560392164e+03
3.287750197712507997e+03 -4.776931322641903535e+02
3.287771031045841482e+03 5.513904381971806288e+02
3.287791864379174967e+03 -1.543436865345574915e+02
3.287812697712507997e+03 1.610290311044082046e+02
3.287833531045841482e+03 1.829418553574942052e+02
3.287854364379174967e+03 1.002599609530530870e+03
3.287875197712507997e+03 4.383828008365817368e+02
3.287896031045841482e+03 -1.298638791033299640e+02
3.287916864379174967e+03 7.213562440451933071e+02
3.287937697712507997e+03 1.158067510800668970e+03
3.287958531045841482e+03 2.156807090969523415e+02
3.287979364379174967e+03 9.080146830597659573e+02
3.288000197712507997e+03 -3.938518993544857949e+01
3.288021031045841482e+03 3.476369542309548706e+02
3.288041864379174967e+03 -1.733395209233276546e+02
3.288062697712507997e+03 2.930653414905536920e+02
3.288083531045841482e+03 2.254762266292236745e+02
3.288104364379174967e+03 -1.272180250540841371e+02
3.288125197712507997e+03 -1.247388100570533425e+02
3.288146031045841482e+03 4.685977305360138416e+02
3.288166864379174967e+03 1.121651263069361448e+03
3.288187697712507997e+03 5.515823820403311402e+02
3.288208531045841482e+03 1.226647651021485217e+03
3.288229364379174967e+03 1.234040930632036179e+02
3.288250197712507997e+03 1.130867482292116620e+03
3.288271031045841482e+03 2.232834812242072076e+01
3.288291864379174967e+03 3.330228565118741244e+02
3.288312697712507997e+03 2.540639322055503726e+02
3.288333531045841482e+03 -6.288854335382347926e+02
3.288354364379174967e+03 -4.406211806645151228e+02
3.288375197712507997e+03 7.558689355124952272e+02
3.288396031045841482e+03 1.209920045534381643e+02
3.288416864379174967e+03 -2.938589531704783440e+02
3.288437697712507997e+03 3.497362124116625637e+01
3.288458531045841482e+03 5.427436650752788410e+02
3.288479364379174967e+03 -7.663773347088135779e+01
3.288500197712507997e+03 8.820540846278890967e+02
3.288521031045841482e+03 9.769134351843968034e+01
3.288541864379174967e+03 -6.588231640495359898e+01
3.288562697712507997e+03 3.427923121445346624e+02
3.288583531045841482e+03 -1.041223073324654251e+02
3.288604364379174967e+03 -1.311372935188701376e+02
3.288625197712507997e+03 2.997181797802913934e+02
3.288646031045841482e+03 -2.438718370624119416e+02
3.288666864379174967e+03 6.639109676755033433e+02
3.288687697712507997e+03 -1.862410783879458904e+02
3.288708531045841482e+03 1.471490371527615935e+02
3.288729364379174967e+03 1.997664789361879230e+02
3.288750197712507997e+03 -8.096280644831713289e+02
3.288771031045841482e+03 2.597008049271535128e+02
3.288791864379174967e+03 -3.924743610015138984e+01
3.288812697712507997e+03 7.993176849109586328e+02
3.288833531045841482e+03 5.219010554600972682e+02
3.288854364379174967e+03 1.247601930224453099e+03
3.288875197712507997e+03 3.556650409036083147e+02
3.288896031045841482e+03 5.304120742368977517e+02
3.288916864379174967e+03 8.253869185911025852e+02
3.288937697712507997e+03 8.906070652098860592e+02
3.288958531045841482e+03 1.551245029391138814e+03
3.288979364379174967e+03 7.787962333851028234e+02
3.289000197712507997e+03 8.772233859334373847e+02
3.289021031045841482e+03 -1.469738073392072693e+02
3.289041864379174967e+03 -6.841989089007256553e+02
3.289062697712507997e+03 -6.301162259315606207e+02
3.289083531045841482e+03 -5.064538370762020350e+02
3.289104364379174967e+03 3.483503711678786203e+02
3.289125197712507997e+03 -4.855920192833291367e+02
3.289146031045841482e+03 -1.526554426224902272e+02
3.289166864379174967e+03 -3.622022139772307128e+02
3.289187697712507997e+03 1.883146843767026439e+02
3.289208531045841482e+03 -9.830059337127022445e+01
3.289229364379174967e+03 -1.872274472388671711e+02
3.289250197712507997e+03 1.227439166957396083e+03
3.289271031045841482e+03 1.040317400810308754e+02
3.289291864379174967e+03 4.344604346796404570e+02
3.289312697712507997e+03 8.893554730298928916e+02
3.289333531045841482e+03 1.324021418837481178e+03
3.289354364379174967e+03 9.854386373733868822e+02
3.289375197712507997e+03 -6.103968321846332401e+01
3.289396031045841482e+03 4.017786071002483368e+02
3.289416864379174967e+03 -8.145559272068785504e+02
3.289437697712507997e+03 -2.796149825397878885e+02
3.289458531045841482e+03 -5.097615187385817990e+02
3.289479364379174967e+03 -1.001147439678083174e+03
3.289500197712507997e+03 5.964162363482173532e+02
3.289521031045841482e+03 -8.163498317409539595e+02
3.289541864379174967e+03 -4.417010276835644618e+02
3.289562697712507997e+03 -2.743894253085600212e+02
3.289583531045841482e+03 1.149753615364897996e+01
3.289604364379174967e+03 -4.681958958423929289e+02
3.289625197712507997e+03 5.361559233395382762e+01
3.289646031045841482e+03 3.145302117844112217e+02
3.289666864379174967e+03 -7.725959992953576148e+02
3.289687697712507997e+03 -2.258535939024295658e+01
3.289708531045841482e+03 -9.203869119490263984e+02
3.289729364379174967e+03 -6.240028014223789796e+02
3.289750197712507997e+03 7.428233989560976624e+01
3.289771031045841482e+03 -1.833000603348598816e+03
3.289791864379174967e+03 -1.513874004546552896e+03
3.289812697712507997e+03 -7.952485746534075588e+02
3.289833531045841482e+03 1.648998798569664359e+00
3.289854364379174967e+03 -1.142128116436069831e+02
3.289875197712507997e+03 -1.250975452563725412e+02
3.289896031045841482e+03 -6.034940332197584212e+02
3.289916864379174967e+03 1.073968910716939718e+01
3.289937697712507997e+03 3.931450468120165169e+02
3.289958531045841482e+03 -5.523764838264323771e+02
3.289979364379174967e+03 3.202465405487455428e+02
3.290000197712507997e+03 6.218856292332056910e+02
3.290021031045841482e+03 2.773548179859062657e+02
3.290041864379174967e+03 -1.550556753140408546e+02
3.290062697712507997e+03 -1.816712405988946557e+02
3.290083531045841482e+03 -2.300199208818376064e+02
3.290104364379174967e+03 -2.250669645982561633e+02
3.290125197712507997e+03 2.004366835269611329e+02
3.290146031045841482e+03 -5.690928616052260622e+02
3.290166864379174967e+03 -2.521703874352388084e+02
3.290187697712507997e+03 -1.063158029743935913e+02
3.290208531045841482e+03 1.221947233801474795e+02
3.290229364379174967e+03 3.527197867901995778e+02
3.290250197712507997e+03 -3.144636454451829195e+02
3.290271031045841482e+03 -2.047308667753823102e+02
3.290291864379174967e+03 -5.606060978840105236e+00
3.290312697712507997e+03 2.456522370148450136e+02
3.290333531045841482e+03 1.154890109373955056e+03
3.290354364379174967e+03 5.952939576370408759e+02
3.290375197712507997e+03 3.208473230223171413e+02
3.290396031045841482e+03 3.003859060249524191e+02
3.290416864379174967e+03 6.920916308471933007e+02
3.290437697712507997e+03 -4.707077920405426994e+02
3.290458531045841482e+03 -4.305559560600668192e+02
3.290479364379174967e+03 9.405310709192417562e+02
3.290500197712507997e+03 8.577862336443504319e+02
3.290521031045841482e+03 -7.259620440483558923e+01
3.290541864379174967e+03 1.755592640574206598e+03
3.290562697712507997e+03 8.307326916456222534e+02
3.290583531045841482e+03 3.015550097173545510e+02
3.290604364379174967e+03 7.236186586447292939e+02
3.290625197712507997e+03 1.026215295242727734e+03
3.290646031045841482e+03 7.222603822952369228e+02
3.290666864379174967e+03 3.890467537288786843e+02
3.290687697712507997e+03 5.875807253498351201e+02
3.290708531045841482e+03 -9.098297759587876499e+01
3.290729364379174967e+03 6.476730757358018309e+01
3.290750197712507997e+03 1.877828985863598064e+02
3.290771031045841482e+03 3.738651807109126821e+02
3.290791864379174967e+03 9.127632739430991933e+02
3.290812697712507997e+03 5.422481292752781883e+02
3.290833531045841482e+03 5.611318429399980232e+02
3.290854364379174967e+03 4.484654166747350246e+02
3.290875197712507997e+03 1.273065926871495321e+02
3.290896031045841482e+03 -2.176172509618336335e+02
3.290916864379174967e+03 -7.157231825368944556e+01
3.290937697712507997e+03 4.821279055509949103e+02
3.290958531045841482e+03 -4.390090980043169111e+01
3.290979364379174967e+03 -5.188370247272541746e+02
3.291000197712507997e+03 -5.886113593900809065e+02
3.291021031045841482e+03 -3.415156040416331962e+02
3.291041864379174967e+03 -4.614877131145913154e+02
3.291062697712507997e+03 -5.612520850212313235e+02
3.291083531045841482e+03 6.495584027786972001e+02
3.291104364379174967e+03 -2.520421073407633230e+02
3.291125197712507997e+03 -3.161737272848840803e+02
3.291146031045841482e+03 -3.810262363624060526e+02
3.291166864379174967e+03 -1.750736758811399341e+00
3.291187697712507997e+03 5.321062520242994651e+02
3.291208531045841482e+03 2.480210352377034724e+02
3.291229364379174967e+03 -4.601937373960390687e+02
3.291250197712507997e+03 9.912221118150046095e+02
3.291271031045841482e+03 1.197840100380592048e+03
3.291291864379174967e+03 -3.930129650081507862e+02
3.291312697712507997e+03 -5.602972452966496348e+02
3.291333531045841482e+03 -3.052902298065600917e+02
3.291354364379174967e+03 -2.652249381998553872e+02
3.291375197712507997e+03 -6.251226070820121095e+02
3.291396031045841482e+03 1.471741930571151897e+02
3.291416864379174967e+03 3.014480121204396710e+02
3.291437697712507997e+03 -5.333460180818801746e+02
3.291458531045841482e+03 1.227259229397168383e+02
3.291479364379174967e+03 -3.357331404710421339e+02
3.291500197712507997e+03 -7.587016028994694352e+02
3.291521031045841482e+03 -1.150648816476808861e+03
3.291541864379174967e+03 -6.190721079988870770e+02
3.291562697712507997e+03 -5.435524852531962097e+02
3.291583531045841482e+03 -1.091672753895283677e+03
3.291604364379174967e+03 -5.078208969654515386e+02
3.291625197712507997e+03 -4.407255545976804569e+02
3.291646031045841482e+03 -5.420613692655460909e+02
3.291666864379174967e+03 6.285435412509832531e+01
3.291687697712507997e+03 -1.206686922364169732e+02
3.291708531045841482e+03 2.480329419849440455e+02
3.291729364379174967e+03 2.300006579500623047e+02
3.291750197712507997e+03 1.927060182743007317e+02
3.291771031045841482e+03 1.137566033640177920e+02
3.291791864379174967e+03 3.102540758941322565e+02
3.291812697712507997e+03 1.249108345223357901e+02
3.291833531045841482e+03 -3.726381739868083969e+02
3.291854364379174967e+03 -3.833063680839259177e+02
3.291875197712507997e+03 -1.193301022390369326e+02
3.291896031045841482e+03 -6.011162557235220447e+02
3.291916864379174967e+03 -9.970338327327044681e+02
3.291937697712507997e+03 -9.958954820291837677e+02
3.291958531045841482e+03 -8.904662795328767970e+02
3.291979364379174967e+03 -1.339725855464581400e+03
3.292000197712507997e+03 -8.277675577608169988e+02
3.292021031045841482e+03 -4.737641196633921936e+02
3.292041864379174967e+03 -7.237451227447018027e+02
3.292062697712507997e+03 -1.112881452544825152e+02
3.292083531045841482e+03 -7.291697926761116832e+01
3.292104364379174967e+03 8.417420384449651465e+02
3.292125197712507997e+03 -1.838155187231022865e+02
3.292146031045841482e+03 1.027606409332947806e+02
3.292166864379174967e+03 -7.046512205107137561e+01
3.292187697712507997e+03 -3.737007443250622600e+02
3.292208531045841482e+03 -6.394622714747674763e+01
3.292229364379174967e+03 -9.948702733000973240e+02
3.292250197712507997e+03 -5.395691989944316447e+02
3.292271031045841482e+03 -1.526129942831234075e+03
3.292291864379174967e+03 nan
3.292312697712507997e+03 nan
3.292333531045841482e+03 nan
3.292354364379174967e+03 nan
3.292375197712507997e+03 nan
3.292396031045841482e+03 nan
3.292416864379174967e+03 nan
3.292437697712507997e+03 nan
3.292458531045841482e+03 nan
3.292479364379174967e+03 3.817174102177377790e+02
3.292500197712507997e+03 -4.178558409353718162e+02
3.292521031045841482e+03 6.129062013984657824e+02
3.292541864379174967e+03 3.945849275822984055e+02
3.292562697712507997e+03 4.348698058491572738e+02
3.292583531045841482e+03 1.266462700861738995e+02
3.292604364379174967e+03 -5.298963570011546835e+02
3.292625197712507997e+03 -2.415706339046591893e+02
3.292646031045841482e+03 -2.578678171604406089e+02
3.292666864379174967e+03 -1.878190714272204787e+02
3.292687697712507997e+03 -7.488189723197137937e+02
3.292708531045841482e+03 -1.444902417651959695e+03
3.292729364379174967e+03 -1.091519695553113706e+03
3.292750197712507997e+03 -7.757781199251767248e+02
3.292771031045841482e+03 -1.195611825128667988e+03
3.292791864379174967e+03 -7.782685097596840933e+02
3.292812697712507997e+03 -3.839879979854449630e+02
3.292833531045841482e+03 -3.527778756255283952e+02
3.292854364379174967e+03 -6.302290305675705895e+02
3.292875197712507997e+03 -5.954238238091347739e+02
3.292896031045841482e+03 -2.528223683999385685e+01
3.292916864379174967e+03 1.367626373706152663e+02
3.292937697712507997e+03 -2.546698704047594219e+01
3.292958531045841482e+03 5.645932235876098275e+02
3.292979364379174967e+03 1.923538082586601377e+02
3.293000197712507997e+03 1.263392428122460842e+01
3.293021031045841482e+03 5.702212014546385035e+02
3.293041864379174967e+03 -7.001474447849905118e+02
3.293062697712507997e+03 -2.394305505799129605e+02
3.293083531045841482e+03 1.538819847670383751e+02
3.293104364379174967e+03 -1.170739182044519112e+03
3.293125197712507997e+03 -5.602899521418148652e+02
3.293146031045841482e+03 -9.759656106851762161e+02
3.293166864379174967e+03 -4.158318121428601444e+02
3.293187697712507997e+03 -1.000580696673830971e+03
3.293208531045841482e+03 -4.767650770480977371e+02
3.293229364379174967e+03 -1.147330085635185242e+02
3.293250197712507997e+03 -4.098249846405815333e+01
3.293271031045841482e+03 1.005472961638588458e+02
3.293291864379174967e+03 6.089339434390421957e+01
3.293312697712507997e+03 1.309355576346861199e+02
3.293333531045841482e+03 7.685352803427958861e+02
3.293354364379174967e+03 -6.912263994698878378e+01
3.293375197712507997e+03 3.616032237356994301e+02
3.293396031045841482e+03 4.491879644885193557e+02
3.293416864379174967e+03 -3.163108250905061141e+02
3.293437697712507997e+03 3.358569146917434409e+02
3.293458531045841482e+03 6.677076530966442078e+02
3.293479364379174967e+03 -1.258434151979163289e+02
3.293500197712507997e+03 -1.577205557721899822e+02
3.293521031045841482e+03 3.456427331716986373e+02
3.293541864379174967e+03 -1.630750255561433733e+02
3.293562697712507997e+03 -3.301011174027808011e+02
3.293583531045841482e+03 -5.301636296283686534e+02
3.293604364379174967e+03 -5.039165798346512020e+02
3.293625197712507997e+03 -9.198978024377720430e+02
3.293646031045841482e+03 -5.790773197071393952e+02
3.293666864379174967e+03 -4.065649174498394132e+02
3.293687697712507997e+03 -5.234952214984223247e+02
3.293708531045841482e+03 4.115078810424311087e+02
3.293729364379174967e+03 -7.206194869668688625e+02
3.293750197712507997e+03 -7.837659142030170187e+02
3.293771031045841482e+03 -2.758461140779545531e+02
3.293791864379174967e+03 4.281421156798023731e+01
3.293812697712507997e+03 -1.356591874584555626e+02
3.293833531045841482e+03 -2.606205525513505563e+02
3.293854364379174967e+03 2.582886095693102106e+02
3.293875197712507997e+03 -1.255392472805688158e+02
3.293896031045841482e+03 -7.410727075753966346e+02
3.293916864379174967e+03 -2.228308912796201184e+02
3.293937697712507997e+03 1.426978752741124481e+02
3.293958531045841482e+03 -5.775317465106490999e+01
3.293979364379174967e+03 -2.940857560605509207e+02
3.294000197712507997e+03 -4.720066807008115575e+02
3.294021031045841482e+03 -2.209480574750341475e+02
3.294041864379174967e+03 -6.840621935781091452e+02
3.294062697712507997e+03 -4.444590771222719923e+02
3.294083531045841482e+03 -1.488932446774560958e+01
3.294104364379174967e+03 -5.897933981857495382e+02
3.294125197712507997e+03 2.426757239635335281e+02
3.294146031045841482e+03 -4.779504009548109025e+02
3.294166864379174967e+03 -8.561545285255415365e+02
3.294187697712507997e+03 8.492055149818770587e+01
3.294208531045841482e+03 -2.403452451389748603e+02
3.294229364379174967e+03 2.510521768006728962e+02
3.294250197712507997e+03 1.652822879214072600e+02
3.294271031045841482e+03 -2.381859588879160583e+01
3.294291864379174967e+03 -1.656015149034792557e+02
3.294312697712507997e+03 1.496217889297986403e+02
3.294333531045841482e+03 -3.896467089513316751e+02
3.294354364379174967e+03 2.388077836474403739e+02
3.294375197712507997e+03 6.939014030137332156e+02
3.294396031045841482e+03 5.007678717935923487e+02
3.294416864379174967e+03 -1.443846978541696444e+02
3.294437697712507997e+03 5.226202925342367962e+02
3.294458531045841482e+03 3.635037376770051196e+02
3.294479364379174967e+03 4.163859855054179206e+02
3.294500197712507997e+03 4.462658834038302302e+02
3.294521031045841482e+03 2.477283194721676409e+02
3.294541864379174967e+03 -2.881587960992474109e+02
3.294562697712507997e+03 1.322815683215158060e+02
3.294583531045841482e+03 7.372762162138242275e+02
3.294604364379174967e+03 9.649315262471791357e+02
3.294625197712507997e+03 8.990086019699228927e+02
3.294646031045841482e+03 4.377848062039120123e+02
3.294666864379174967e+03 5.373901641418924555e+02
3.294687697712507997e+03 6.070057423552498221e+02
3.294708531045841482e+03 4.695061393918003887e+02
3.294729364379174967e+03 -2.143162060342729092e+01
3.294750197712507997e+03 -5.220387485262472183e+01
3.294771031045841482e+03 -2.195720204358221963e+02
3.294791864379174967e+03 -1.188610969779198058e+03
3.294812697712507997e+03 -6.190698988337535411e+02
3.294833531045841482e+03 -8.168626175413373858e+02
3.294854364379174967e+03 -7.947704577599652112e+02
3.294875197712507997e+03 -1.501970247062854469e+01
3.294896031045841482e+03 -6.274069365555187687e+02
3.294916864379174967e+03 -4.793318102001212537e+02
3.294937697712507997e+03 4.525878003854304552e+02
3.294958531045841482e+03 -2.172399992857826874e+02
3.294979364379174967e+03 6.436612821938470006e+02
3.295000197712507997e+03 1.134359279195778072e+02
3.295021031045841482e+03 8.605122322874376550e+02
3.295041864379174967e+03 6.752296171704074368e+02
3.295062697712507997e+03 4.737172615531599149e+02
3.295083531045841482e+03 1.002235285016358830e+03
3.295104364379174967e+03 8.118416290610330179e+02
3.295125197712507997e+03 1.002484683628426865e+02
3.295146031045841482e+03 8.581928071193397045e+01
3.295166864379174967e+03 -8.259299557220656425e+02
3.295187697712507997e+03 -1.008311683232896030e+02
3.295208531045841482e+03 8.636393773823510855e+01
3.295229364379174967e+03 1.512483554985374212e+02
3.295250197712507997e+03 -3.283831967854639515e+02
3.295271031045841482e+03 3.595595937671605498e+02
3.295291864379174967e+03 5.426363108304794878e+02
3.295312697712507997e+03 3.003112378625664860e+02
3.295333531045841482e+03 1.427047547799302265e+02
3.295354364379174967e+03 8.265553983156569302e+02
3.295375197712507997e+03 2.500531196218216792e+02
3.295396031045841482e+03 7.114617266255663708e+02
3.295416864379174967e+03 2.649011472023557872e+02
3.295437697712507997e+03 2.079894737075082958e+02
3.295458531045841482e+03 -1.194929238331969827e+02
3.295479364379174967e+03 -1.050886970991268754e+02
3.295500197712507997e+03 -8.268238826927263290e+02
3.295521031045841482e+03 -9.426961364736780524e+01
3.295541864379174967e+03 -3.755993390345247462e+02
3.295562697712507997e+03 2.060872205151244998e+02
3.295583531045841482e+03 4.535393516439944506e+02
3.295604364379174967e+03 -2.178227997005451471e+02
3.295625197712507997e+03 1.046771017809282057e+03
3.295646031045841482e+03 8.244844044870696962e+02
3.295666864379174967e+03 4.183596776642370969e+02
3.295687697712507997e+03 1.103871048234053887e+03
3.295708531045841482e+03 1.116956311035435647e+03
3.295729364379174967e+03 1.507392455960391089e+03
3.295750197712507997e+03 1.075753183486755006e+03
3.295771031045841482e+03 1.508099983817315660e+03
3.295791864379174967e+03 1.455543154484708793e+03
3.295812697712507997e+03 1.373045216625905596e+03
3.295833531045841482e+03 1.226006813457235694e+03
3.295854364379174967e+03 1.842352869885507971e+03
3.295875197712507997e+03 9.086783505879575387e+02
3.295896031045841482e+03 1.222514517772477120e+03
3.295916864379174967e+03 9.052502745470264927e+02
3.295937697712507997e+03 1.619900555638363585e+03
3.295958531045841482e+03 5.015991016165353358e+02
3.295979364379174967e+03 1.043246634017210454e+03
3.296000197712507997e+03 9.027212984332581982e+02
3.296021031045841482e+03 1.309137000589515083e+03
3.296041864379174967e+03 9.521178188234334812e+02
3.296062697712507997e+03 8.682580227603903040e+02
3.296083531045841482e+03 7.850814976628171280e+02
3.296104364379174967e+03 1.116267489031073637e+03
3.296125197712507997e+03 9.124140383471967652e+02
3.296146031045841482e+03 4.034696308912243694e+02
3.296166864379174967e+03 7.941612241871189326e+02
3.296187697712507997e+03 4.002719403314404190e+01
3.296208531045841482e+03 2.027765213147504255e+02
3.296229364379174967e+03 8.809686295625288039e+02
3.296250197712507997e+03 -5.402464336866978556e+01
3.296271031045841482e+03 -2.637458279519341886e+02
3.296291864379174967e+03 -1.465957060805521905e+01
3.296312697712507997e+03 -7.501100349106127396e+02
3.296333531045841482e+03 -8.571509388871490955e+02
3.296354364379174967e+03 1.370910019529983401e+02
3.296375197712507997e+03 3.403956161031965166e+02
3.296396031045841482e+03 2.878261568406596780e+02
3.296416864379174967e+03 1.310617073093308136e+02
3.296437697712507997e+03 -8.653710065798368305e+02
3.296458531045841482e+03 -1.167340074371197261e+03
3.296479364379174967e+03 -2.881212064265273511e+02
3.296500197712507997e+03 -2.171186810778453946e+02
3.296521031045841482e+03 -7.808048603520728648e+01
3.296541864379174967e+03 -7.134810053789988160e+02
3.296562697712507997e+03 -1.018225768491276540e+03
3.296583531045841482e+03 -1.786919650350464508e+02
3.296604364379174967e+03 -6.136160772072616965e+01
3.296625197712507997e+03 4.033061704495921731e+02
3.296646031045841482e+03 -5.888260834062239155e+02
3.296666864379174967e+03 6.583672784781083465e+01
3.296687697712507997e+03 -1.092234780554426834e+02
3.296708531045841482e+03 3.267568991470616311e+02
3.296729364379174967e+03 6.768251897161826491e+01
3.296750197712507997e+03 2.293769197085639462e+02
3.296771031045841482e+03 1.002783406067872420e+03
3.296791864379174967e+03 8.280613755321828648e+02
3.296812697712507997e+03 -1.427914591630687937e+02
3.296833531045841482e+03 2.703374888488324359e+02
3.296854364379174967e+03 6.088147983213420957e+02
3.296875197712507997e+03 -7.159554087696596980e+01
3.296896031045841482e+03 2.935645372662693262e+02
3.296916864379174967e+03 1.068660099433036521e+02
3.296937697712507997e+03 -2.276689234237419441e+02
3.296958531045841482e+03 -4.737498278419952840e+02
3.296979364379174967e+03 -6.962984986383235082e+02
3.297000197712507997e+03 -1.255723266887478530e+03
3.297021031045841482e+03 -3.403005607399391010e+02
3.297041864379174967e+03 1.689108035702956840e+02
3.297062697712507997e+03 -6.836067729048663750e+02
3.297083531045841482e+03 2.954671203327598050e+02
3.297104364379174967e+03 -5.353107082908973098e+02
3.297125197712507997e+03 -8.526529562954092398e+02
3.297146031045841482e+03 2.683332440722733736e+01
3.297166864379174967e+03 4.407282083365134895e+02
3.297187697712507997e+03 4.133306622505187988e+00
3.297208531045841482e+03 -7.622915032648015767e+02
3.297229364379174967e+03 -3.109683234307449311e+02
3.297250197712507997e+03 -6.571582441212376580e+02
3.297271031045841482e+03 -2.235877809020457789e+02
3.297291864379174967e+03 -6.792390453178668395e+02
3.297312697712507997e+03 -2.308614394050091505e+02
3.297333531045841482e+03 -7.795114458315074444e+02
3.297354364379174967e+03 -4.919592331352178007e+02
3.297375197712507997e+03 -1.232956186838680878e+03
3.297396031045841482e+03 3.155421416773460805e+02
3.297416864379174967e+03 3.366406211385037750e+01
3.297437697712507997e+03 -2.661422924045473337e+02
3.297458531045841482e+03 4.876776615325361490e+02
3.297479364379174967e+03 8.979635932132368907e+02
3.297500197712507997e+03 9.993505752548808232e+02
3.297521031045841482e+03 7.498346880455501378e+02
3.297541864379174967e+03 2.221033317734254524e+02
3.297562697712507997e+03 1.377569674050901085e+02
3.297583531045841482e+03 3.064005004377104342e+02
3.297604364379174967e+03 2.556020463482709602e+02
3.297625197712507997e+03 -5.902418450902914628e+02
3.297646031045841482e+03 -1.151900668831309304e+03
3.297666864379174967e+03 -1.025372419537743554e+03
3.297687697712507997e+03 -1.100114981006714515e+03
3.297708531045841482e+03 1.588414659281261265e+02
3.297729364379174967e+03 -2.093646958295721561e+01
3.297750197712507997e+03 -4.313877055729972199e+02
3.297771031045841482e+03 3.555894755132030696e+02
3.297791864379174967e+03 -1.121789318276569247e-01
3.297812697712507997e+03 -1.054433702907990664e+02
3.297833531045841482e+03 -1.058541481723077595e+02
3.297854364379174967e+03 1.169917963745538145e+02
3.297875197712507997e+03 2.249273197475122288e+02
3.297896031045841482e+03 -4.041307095459196717e+02
3.297916864379174967e+03 -9.793809383991174400e+00
3.297937697712507997e+03 5.841833124205004424e+01
3.297958531045841482e+03 -2.065299176431726664e+02
3.297979364379174967e+03 -4.158111286372877657e+02
3.298000197712507997e+03 -1.092827775563346222e+02
3.298021031045841482e+03 3.961252564043970779e+02
3.298041864379174967e+03 1.664912382186157629e+02
3.298062697712507997e+03 -1.239044140531914309e+02
3.298083531045841482e+03 -2.268947518366621807e+02
3.298104364379174967e+03 1.579704442573711276e+02
3.298125197712508452e+03 2.351810611505061388e+02
3.298146031045841482e+03 7.094376615167129785e+02
3.298166864379174967e+03 -1.142996683572418988e+02
3.298187697712508452e+03 8.444860909659182653e+02
3.298208531045841482e+03 1.648444858717266470e+01
3.298229364379174967e+03 -1.658821201758692041e+02
3.298250197712508452e+03 -6.681962293034885079e+02
3.298271031045841482e+03 -1.793778936291346326e+02
3.298291864379174967e+03 -8.172437600891571492e+02
3.298312697712508452e+03 -1.027648035530000925e+03
3.298333531045841482e+03 -7.697848423301475123e+02
3.298354364379174967e+03 -1.353089876846526749e+03
3.298375197712508452e+03 -1.259954686291515827e+03
3.298396031045841482e+03 -7.393093977528624237e+02
3.298416864379174967e+03 -8.517550694007659331e+02
3.298437697712508452e+03 2.398746473584324121e+02
3.298458531045841482e+03 -8.147563280881149694e+02
3.298479364379174967e+03 -5.694352512408513576e+02
3.298500197712508452e+03 -2.966231759008951485e+01
3.298521031045841482e+03 6.485540545514086261e+02
3.298541864379174967e+03 6.133393046862911433e+02
3.298562697712508452e+03 5.346743636553874239e+02
3.298583531045841482e+03 2.005213156725512818e+02
3.298604364379174967e+03 -2.390774924776051193e+02
3.298625197712508452e+03 5.678900592015124857e+02
3.298646031045841482e+03 -1.008516024699085392e+03
3.298666864379174967e+03 5.461402260197792202e+01
3.298687697712508452e+03 -9.623290138837182894e+02
3.298708531045841482e+03 -7.221655936534516513e+02
3.298729364379174967e+03 -1.191548995270626619e+03
3.298750197712508452e+03 -9.352091209600912407e+02
3.298771031045841482e+03 -7.492520726639777422e+02
3.298791864379174967e+03 -6.413117092270404100e+02
3.298812697712508452e+03 -6.556434823214076459e+02
3.298833531045841482e+03 5.397611935958266258e+02
3.298854364379174967e+03 8.815416879055555910e+01
3.298875197712508452e+03 -1.660830688789719716e+02
3.298896031045841482e+03 6.982726369382580742e+02
3.298916864379174967e+03 -1.963656383012421429e+02
3.298937697712508452e+03 -1.486208343302132562e+02
3.298958531045841482e+03 nan
3.298979364379174967e+03 nan
3.299000197712508452e+03 nan
3.299021031045841482e+03 nan
3.299041864379174967e+03 nan
3.299062697712508452e+03 nan
3.299083531045841482e+03 nan
3.299104364379174967e+03 nan
3.299125197712508452e+03 nan
3.299146031045841482e+03 nan
3.299166864379174967e+03 -5.202266758764162660e+02
3.299187697712508452e+03 9.396911126618506387e+02
3.299208531045841482e+03 -3.902233753988984972e+02
3.299229364379174967e+03 4.497845338850747794e+02
3.299250197712508452e+03 -1.993487955585587770e+02
3.299271031045841482e+03 6.368237952272174880e+02
3.299291864379174967e+03 -9.804759045349201187e+02
3.299312697712508452e+03 7.449645242985570803e+02
3.299333531045841482e+03 6.109556920505128801e+02
3.299354364379174967e+03 -1.307181207382818684e+02
3.299375197712508452e+03 2.608613698891131207e+02
3.299396031045841482e+03 -2.976113457292085513e+02
3.299416864379174967e+03 -8.251362690317910165e+01
3.299437697712508452e+03 -1.706205186935840175e+02
3.299458531045841482e+03 4.204523567863507196e+02
3.299479364379174967e+03 -1.087109177594538778e+02
3.299500197712508452e+03 6.426248155031353235e+02
3.299521031045841482e+03 4.212332826477941126e+02
3.299541864379174967e+03 6.214379259587731212e+02
3.299562697712508452e+03 3.875379937696270645e+02
3.299583531045841482e+03 8.430463115831371397e+02
3.299604364379174967e+03 1.511476984326145612e+03
3.299625197712508452e+03 9.849301945226034150e+02
3.299646031045841482e+03 1.275415597416227683e+03
3.299666864379174967e+03 1.045188266019453295e+03
3.299687697712508452e+03 1.491452028929605149e+03
3.299708531045841482e+03 7.506002986440435052e+02
3.299729364379174967e+03 6.404342936044558883e+02
3.299750197712508452e+03 1.408007670910214074e+03
3.299771031045841482e+03 3.628986905381316319e+02
3.299791864379174967e+03 7.862423616205342114e+02
3.299812697712508452e+03 9.886009751289384440e+02
3.299833531045841482e+03 3.868711752579547465e+02
3.299854364379174967e+03 6.960755657807458192e+02
3.299875197712508452e+03 -1.115702739771222696e+02
3.299896031045841482e+03 2.085491898524342105e+02
3.299916864379174967e+03 2.077362068573711440e+02
3.299937697712508452e+03 -4.184691608503926545e+02
3.299958531045841482e+03 -4.557760634279111400e+02
3.299979364379174967e+03 -3.517745215098839253e+02
3.300000197712508452e+03 3.055207710813265294e+02
3.300021031045841482e+03 4.135644490486010909e+02
3.300041864379174967e+03 -1.391287842952879146e+02
3.300062697712508452e+03 5.251449498009169474e+02
3.300083531045841482e+03 6.166103587686084211e+02
3.300104364379174967e+03 6.156563161195954308e+02
3.300125197712508452e+03 9.906363919971045107e+01
3.300146031045841482e+03 1.001960339987534098e+03
3.300166864379174967e+03 3.755600569200469181e+02
3.300187697712508452e+03 6.015504854547325522e+02
3.300208531045841482e+03 -4.343685359584633261e+02
3.300229364379174967e+03 -2.783720054652076215e+02
3.300250197712508452e+03 -5.701255615082336590e+02
3.300271031045841482e+03 -8.675070861595449969e+02
3.300291864379174967e+03 -1.003075327276950702e+03
3.300312697712508452e+03 -6.540018803908023983e+02
3.300333531045841482e+03 5.030826306535163894e+02
3.300354364379174967e+03 -1.036371310422546230e+03
3.300375197712508452e+03 -7.774949835974257439e+02
3.300396031045841482e+03 -1.785659655496710911e+02
3.300416864379174967e+03 -1.266959653459489346e+03
3.300437697712508452e+03 -4.829559774129884318e+02
3.300458531045841482e+03 -9.635251799377147108e+01
3.300479364379174967e+03 1.853382755445782095e+02
3.300500197712508452e+03 -1.025607057750923559e+03
3.300521031045841482e+03 -1.465792595862876624e+01
3.300541864379174967e+03 4.824680482607800514e+02
3.300562697712508452e+03 -3.170021641487255692e+01
3.300583531045841482e+03 -1.132201868950622156e+03
3.300604364379174967e+03 -3.654111719082575291e+02
3.300625197712508452e+03 -9.528533494204748422e+01
3.300646031045841482e+03 -3.651416609087027609e+01
3.300666864379174967e+03 -1.156706393473199569e+03
3.300687697712508452e+03 -1.732279602806549519e+03
3.300708531045841482e+03 -2.156032937818672508e+02
3.300729364379174967e+03 1.645577966414857656e+02
3.300750197712508452e+03 -9.417985912516014650e+02
3.300771031045841482e+03 -1.608519103085040115e+03
3.300791864379174967e+03 -9.983456591316498816e+02
3.300812697712508452e+03 -3.093570903677027673e+01
3.300833531045841482e+03 -4.048042519922601059e+02
3.300854364379174967e+03 6.640112161834258586e+01
3.300875197712508452e+03 -1.862272804284002632e+02
3.300896031045841482e+03 5.078789965921314433e+02
3.300916864379174967e+03 4.947857929285382852e+02
3.300937697712508452e+03 2.129073326229117811e+02
3.300958531045841482e+03 6.461114851696183905e+02
3.300979364379174967e+03 3.973433837657794356e+02
3.301000197712508452e+03 -5.294857608841266483e+02
3.301021031045841482e+03 1.993120054553728551e+02
3.301041864379174967e+03 2.980521450043888763e+02
3.301062697712508452e+03 4.572768027923302725e+02
3.301083531045841482e+03 -1.307650596648454666e+02
3.301104364379174967e+03 -6.677007133644074202e+02
3.301125197712508452e+03 3.041343021186767146e+02
3.301146031045841482e+03 2.497106762183830142e+02
3.301166864379174967e+03 8.785890475016785786e+02
3.301187697712508452e+03 -7.449287120545050129e+02
3.301208531045841482e+03 -4.263447687245206907e+02
3.301229364379174967e+03 -1.751410831660032272e+02
3.301250197712508452e+03 -4.219433380451519042e+02
3.301271031045841482e+03 -2.954017600732622668e+02
3.301291864379174967e+03 -3.744338709278963506e+02
3.301312697712508452e+03 3.344275197118986398e+02
3.301333531045841482e+03 1.022909328250680119e+02
3.301354364379174967e+03 -5.802274626517901197e+02
3.301375197712508452e+03 -1.563686843137256801e+02
3.301396031045841482e+03 1.879341444466263056e+02
3.301416864379174967e+03 9.627368428574409336e+02
3.301437697712508452e+03 -5.374035720113897696e+02
3.301458531045841482e+03 3.911172426992561668e+02
3.301479364379174967e+03 -5.529625835333717987e+02
3.301500197712508452e+03 -1.227902027260162868e+03
3.301521031045841482e+03 -6.311286755336914212e+01
3.301541864379174967e+03 -7.309175481676356867e+02
3.301562697712508452e+03 -4.112105738510144874e+02
3.301583531045841482e+03 6.526600020215846598e+01
3.301604364379174967e+03 -6.038337299859849736e+02
3.301625197712508452e+03 -9.640022798511199653e+01
3.301646031045841482e+03 7.326836258566472679e+02
3.301666864379174967e+03 3.569725582678802311e+01
3.301687697712508452e+03 5.058257314412621781e+02
3.301708531045841482e+03 4.339693117372225970e+02
3.301729364379174967e+03 -5.075694921101676300e+02
3.301750197712508452e+03 8.672377705501858145e+02
3.301771031045841482e+03 9.130110319767845795e+02
3.301791864379174967e+03 5.162948575860355049e+01
3.301812697712508452e+03 6.307905607799766585e+02
3.301833531045841482e+03 -4.806818190114572644e+02
3.301854364379174967e+03 -7.936387775301700458e+02
3.301875197712508452e+03 -1.669455471631372347e+02
3.301896031045841482e+03 -1.093959903502836823e+03
3.301916864379174967e+03 1.447680124450707808e+02
3.301937697712508452e+03 -4.889968141090357676e+02
3.301958531045841482e+03 -4.961393732775468379e+01
3.301979364379174967e+03 5.664414384639821947e+02
3.302000197712508452e+03 7.733792347345734015e+02
3.302021031045841482e+03 -1.552875257992418483e+02
3.302041864379174967e+03 1.127225329276872799e+03
3.302062697712508452e+03 4.958595612510107458e+02
3.302083531045841482e+03 7.108957091589691117e+02
3.302104364379174967e+03 8.086311444672755897e+02
3.302125197712508452e+03 1.107900526941986755e+03
3.302146031045841482e+03 8.331012744697509333e+02
3.302166864379174967e+03 4.101780321258120239e+02
3.302187697712508452e+03 2.018913054309086874e+02
3.302208531045841482e+03 4.524602403095923364e+02
3.302229364379174967e+03 2.007675828093197197e+02
3.302250197712508452e+03 -6.817365229420829564e+01
3.302271031045841482e+03 -2.436577059408882633e+02
3.302291864379174967e+03 -7.470132663776166737e+02
3.302312697712508452e+03 -3.150822909931885079e+02
3.302333531045841482e+03 -8.714486011352855712e+02
3.302354364379174967e+03 2.657882909823674709e+02
3.302375197712508452e+03 -5.941027648901799694e+02
3.302396031045841482e+03 1.254681224853266031e+01
3.302416864379174967e+03 2.245743119969265535e+02
3.302437697712508452e+03 7.386878965748474002e+01
3.302458531045841482e+03 1.612392162254545838e+02
3.302479364379174967e+03 1.160209637093474157e+03
3.302500197712508452e+03 1.177437221340951510e+03
3.302521031045841482e+03 3.331009922372177243e+02
3.302541864379174967e+03 8.485477761342190206e+02
3.302562697712508452e+03 5.867717155945720151e+02
3.302583531045841482e+03 1.042852335567353293e+03
3.302604364379174967e+03 4.874768419838510454e+02
3.302625197712508452e+03 6.134652053322643042e+02
3.302646031045841482e+03 1.380704536831472069e+02
3.302666864379174967e+03 -5.174580122515326366e+02
3.302687697712508452e+03 -1.530085353122558445e+02
3.302708531045841482e+03 -5.846654879200505093e+02
3.302729364379174967e+03 6.528446892811916769e+01
3.302750197712508452e+03 -4.522791278595104814e+02
3.302771031045841482e+03 -6.799380650416715071e+02
3.302791864379174967e+03 -6.196730274837464094e+02
3.302812697712508452e+03 -3.128876714301295578e+02
3.302833531045841482e+03 1.578422348953317851e+02
3.302854364379174967e+03 1.357833080990239978e+02
3.302875197712508452e+03 5.137759777496103197e+01
3.302896031045841482e+03 3.212628182698972523e+01
3.302916864379174967e+03 -4.617603897935478017e+02
3.302937697712508452e+03 -3.445771128212800249e+02
3.302958531045841482e+03 3.223490036965813488e+02
3.302979364379174967e+03 8.176633473762776703e+02
3.303000197712508452e+03 6.975341689689084888e+02
3.303021031045841482e+03 1.592518672014120966e+02
3.303041864379174967e+03 5.306677193178329617e+02
3.303062697712508452e+03 -2.972719745869981125e+02
3.303083531045841482e+03 4.272058668601093814e+02
3.303104364379174967e+03 -6.973994644928025082e+02
3.303125197712508452e+03 8.333967048254562542e+02
3.303146031045841482e+03 2.384005658822134137e+02
3.303166864379174967e+03 2.143451634736265987e+02
3.303187697712508452e+03 4.196854265301954001e+01
3.303208531045841482e+03 3.351472007611300796e+02
3.303229364379174967e+03 4.054533852575113997e+02
3.303250197712508452e+03 -1.282448202710365877e+02
3.303271031045841482e+03 -3.118497121953405440e+02
3.303291864379174967e+03 -5.209092284513171762e+02
3.303312697712508452e+03 -3.507553351633250713e+02
3.303333531045841482e+03 -7.655693061712663621e+02
3.303354364379174967e+03 -3.023922013050178066e+02
3.303375197712508452e+03 -6.558066052511567250e+02
3.303396031045841482e+03 -1.611784155514207669e+03
3.303416864379174967e+03 -4.831998538051266223e+02
3.303437697712508452e+03 -5.925532990801148117e+02
3.303458531045841482e+03 -5.822522803575266153e+02
3.303479364379174967e+03 2.129069924124050885e+02
3.303500197712508452e+03 -5.919111758109647781e+02
3.303521031045841482e+03 -6.581053223736817017e+02
3.303541864379174967e+03 4.406391910626552999e+00
3.303562697712508452e+03 -3.079788010194897652e+02
3.303583531045841482e+03 -3.943632380275521427e+02
3.303604364379174967e+03 8.757561248762067407e+01
3.303625197712508452e+03 -5.267411752055631950e+02
3.303646031045841482e+03 2.834740489507094026e+02
3.303666864379174967e+03 -2.248219920424744487e+02
3.303687697712507997e+03 -5.157332290371414274e+02
3.303708531045841482e+03 -4.305732211278518662e+02
3.303729364379174967e+03 6.089960762800183147e+02
3.303750197712507997e+03 nan
3.303771031045841482e+03 nan
3.303791864379174967e+03 nan
3.303812697712507997e+03 nan
3.303833531045841482e+03 nan
3.303854364379174967e+03 nan
3.303875197712507997e+03 nan
3.303896031045841482e+03 nan
3.303916864379174967e+03 nan
3.303937697712507997e+03 nan
3.303958531045841482e+03 nan
3.303979364379174967e+03 nan
3.304000197712507997e+03 nan
3.304021031045841482e+03 nan
3.304041864379174967e+03 nan
3.304062697712507997e+03 nan
3.304083531045841482e+03 nan
3.304104364379174967e+03 nan
3.304125197712507997e+03 nan
3.304146031045841482e+03 nan
3.304166864379174967e+03 nan
3.304187697712507997e+03 nan
3.304208531045841482e+03 nan
3.304229364379174967e+03 nan
3.304250197712507997e+03 nan
3.304271031045841482e+03 nan
3.304291864379174967e+03 nan
3.304312697712507997e+03 nan
3.304333531045841482e+03 nan
3.304354364379174967e+03 nan
3.304375197712507997e+03 nan
3.304396031045841482e+03 nan
3.304416864379174967e+03 nan
3.304437697712507997e+03 nan
3.304458531045841482e+03 nan
3.304479364379174967e+03 nan
3.304500197712507997e+03 nan
3.304521031045841482e+03 nan
3.304541864379174967e+03 nan
3.304562697712507997e+03 nan
3.304583531045841482e+03 nan
3.304604364379174967e+03 nan
3.304625197712507997e+03 nan
3.304646031045841482e+03 nan
3.304666864379174967e+03 nan
3.304687697712507997e+03 nan
3.304708531045841482e+03 nan
3.304729364379174967e+03 nan
3.304750197712507997e+03 nan
3.304771031045841482e+03 nan
3.304791864379174967e+03 nan
3.304812697712507997e+03 nan
3.304833531045841482e+03 nan
3.304854364379174967e+03 nan
3.304875197712507997e+03 nan
3.304896031045841482e+03 nan
3.304916864379174967e+03 nan
3.304937697712507997e+03 nan
3.304958531045841482e+03 nan
3.304979364379174967e+03 nan
3.305000197712507997e+03 nan
3.305021031045841482e+03 nan
3.305041864379174967e+03 nan
3.305062697712507997e+03 nan
3.305083531045841482e+03 nan
3.305104364379174967e+03 nan
3.305125197712507997e+03 nan
3.305146031045841482e+03 nan
3.305166864379174967e+03 nan
3.305187697712507997e+03 nan
3.305208531045841482e+03 nan
3.305229364379174967e+03 nan
3.305250197712507997e+03 nan
3.305271031045841482e+03 nan
3.305291864379174967e+03 nan
3.305312697712507997e+03 nan
3.305333531045841482e+03 nan
3.305354364379174967e+03 nan
3.305375197712507997e+03 nan
3.305396031045841482e+03 nan
3.305416864379174967e+03 nan
3.305437697712507997e+03 nan
3.305458531045841482e+03 nan
3.305479364379174967e+03 nan
3.305500197712507997e+03 nan
3.305521031045841482e+03 nan
3.305541864379174967e+03 nan
3.305562697712507997e+03 nan
3.305583531045841482e+03 nan
3.305604364379174967e+03 nan
3.305625197712507997e+03 nan
3.305646031045841482e+03 nan
3.305666864379174967e+03 nan
3.305687697712507997e+03 nan
3.305708531045841482e+03 nan
3.305729364379174967e+03 nan
3.305750197712507997e+03 nan
3.305771031045841482e+03 nan
3.305791864379174967e+03 nan
3.305812697712507997e+03 nan
3.305833531045841482e+03 nan
3.305854364379174967e+03 nan
3.305875197712507997e+03 nan
3.305896031045841482e+03 nan
3.305916864379174967e+03 nan
3.305937697712507997e+03 nan
3.305958531045841482e+03 nan
3.305979364379174967e+03 nan
3.306000197712507997e+03 nan
3.306021031045841482e+03 nan
3.306041864379174967e+03 nan
3.306062697712507997e+03 nan
3.306083531045841482e+03 nan
3.306104364379174967e+03 nan
3.306125197712507997e+03 nan
3.306146031045841482e+03 nan
3.306166864379174967e+03 nan
3.306187697712507997e+03 3.698005924886092544e+02
3.306208531045841482e+03 -4.911152666631387547e+02
3.306229364379174967e+03 -3.268471137597225606e+02
3.306250197712507997e+03 -2.999036342577310279e+02
3.306271031045841482e+03 -8.401003163785208017e+02
3.306291864379174967e+03 -5.359018077942309901e+02
3.306312697712507997e+03 -6.648803080363431945e+02
3.306333531045841482e+03 3.320976265741046518e+02
3.306354364379174513e+03 -4.835985257355496287e+02
3.306375197712507997e+03 -8.385171686427202076e+01
3.306396031045841482e+03 1.922698497116798535e+02
3.306416864379174513e+03 2.981317226053215563e+01
3.306437697712507997e+03 8.234727545860223472e+02
3.306458531045841482e+03 5.628066512371879071e+01
3.306479364379174513e+03 9.155369192243088037e+02
3.306500197712507997e+03 8.973931802847655490e+02
3.306521031045841482e+03 9.669516299141105264e+02
3.306541864379174513e+03 6.905447709732688963e+02
3.306562697712507997e+03 1.547686071804491803e+02
3.306583531045841482e+03 2.263153610040899366e+01
3.306604364379174513e+03 4.373477687333943322e+02
3.306625197712507997e+03 2.351508582222741097e+02
3.306646031045841482e+03 -1.056431314455112442e+02
3.306666864379174513e+03 6.795777904250426218e+02
3.306687697712507997e+03 -3.930063422890380025e+02
3.306708531045841482e+03 -9.996355642834678292e+02
3.306729364379174513e+03 -8.181054478174773976e+02
3.306750197712507997e+03 -2.853695292153861374e+01
3.306771031045841482e+03 4.027170827706577256e+02
3.306791864379174513e+03 7.076102589722722769e+01
3.306812697712507997e+03 5.257213086176197976e+02
3.306833531045841482e+03 7.478237695427378640e+02
3.306854364379174513e+03 2.052306420215172693e+02
3.306875197712507997e+03 -1.341761088708881289e+02
3.306896031045841482e+03 -2.363679709378629923e+01
3.306916864379174513e+03 -1.518849386771908030e+02
3.306937697712507997e+03 -1.921980967582203448e+01
3.306958531045841482e+03 -3.689862569236429408e+02
3.306979364379174513e+03 2.907805453054606915e+01
3.307000197712507997e+03 -7.468252052015159279e+02
3.307021031045841482e+03 -7.098082175893941894e+02
3.307041864379174513e+03 -1.351047250884003006e+03
3.307062697712507997e+03 -1.535140504819573835e+02
3.307083531045841482e+03 -6.795186496645910665e+02
3.307104364379174513e+03 -7.166819522632285953e+02
3.307125197712507997e+03 -2.342666087152902037e+02
3.307146031045841482e+03 -4.849911755158100277e+02
3.307166864379174513e+03 1.988541828532470390e+02
3.307187697712507997e+03 7.363404113964643329e+02
3.307208531045841482e+03 -8.302476105513051152e+01
3.307229364379174513e+03 -2.789446107537951320e+02
3.307250197712507997e+03 -6.522595837712287903e+00
3.307271031045841482e+03 4.044649183377623558e+01
3.307291864379174513e+03 2.449119668141938746e+02
3.307312697712507997e+03 -1.736351965102367103e+02
3.307333531045841482e+03 -1.180107466150075197e+02
3.307354364379174513e+03 -4.875867332617053762e+02
3.307375197712507997e+03 -1.635858911355026066e+02
3.307396031045841482e+03 -9.287411822930444032e+02
3.307416864379174513e+03 -8.472433138394262642e+02
3.307437697712507997e+03 -9.377282307849964127e+02
3.307458531045841482e+03 -3.327808457743376493e+02
3.307479364379174513e+03 -3.432530326263513416e+02
3.307500197712507997e+03 1.021632042597047985e+02
3.307521031045841482e+03 -8.361322502444963902e+02
3.307541864379174513e+03 2.542777539577800781e+02
3.307562697712507997e+03 6.761277325216215104e+02
3.307583531045841482e+03 -1.865563937434926629e+02
3.307604364379174513e+03 7.942406200862023979e+01
3.307625197712507997e+03 5.076507295846240595e+02
3.307646031045841482e+03 1.745316666046855971e+02
3.307666864379174513e+03 9.276524461898952723e+01
3.307687697712507997e+03 -3.203902266354998574e+02
3.307708531045841482e+03 1.416471785596804693e+02
3.307729364379174513e+03 5.157493042091373354e+02
3.307750197712507997e+03 1.867811922704568133e+02
3.307771031045841482e+03 -4.613369684949284419e+02
3.307791864379174513e+03 9.313905020186211914e+01
3.307812697712507997e+03 7.847029372990364209e+02
3.307833531045841482e+03 -2.963110825163312256e+00
3.307854364379174513e+03 1.530246164028067142e+02
3.307875197712507997e+03 -3.526222434150986373e+01
3.307896031045841482e+03 7.182372782733291388e+02
3.307916864379174513e+03 -7.111994140427559614e+02
3.307937697712507997e+03 9.411657665306702256e+02
3.307958531045841482e+03 6.473645954093663022e+02
3.307979364379174513e+03 1.464092419443186373e+02
3.308000197712507997e+03 2.232170634369831532e+02
3.308021031045841482e+03 3.355232617688598111e+02
3.308041864379174513e+03 7.136719326331513003e+02
3.308062697712507997e+03 3.314048789772205055e+02
3.308083531045841482e+03 7.733708228653995320e+02
3.308104364379174513e+03 -2.099536964382277802e+02
3.308125197712507997e+03 -1.641050141612067819e+02
3.308146031045841482e+03 3.116584814393427223e+02
3.308166864379174513e+03 -1.129631296768202446e+03
3.308187697712507997e+03 -8.970850237257545814e+02
3.308208531045841482e+03 -1.084750252360245213e+02
3.308229364379174513e+03 -8.704605243665864691e+02
3.308250197712507997e+03 -3.498421276661101729e+02
3.308271031045841482e+03 8.072221717366483063e+01
3.308291864379174513e+03 -8.070074157658964396e+02
3.308312697712507997e+03 -3.562324505489086732e+02
3.308333531045841482e+03 -1.043170533638680354e+03
3.308354364379174513e+03 1.373170979949645698e+01
3.308375197712507997e+03 -1.898029150995425880e+02
3.308396031045841482e+03 -8.570964398991782218e+01
3.308416864379174513e+03 5.078309482603799552e+02
3.308437697712507997e+03 -1.563109383007977158e+02
3.308458531045841482e+03 -7.037353766232263297e+01
3.308479364379174513e+03 -5.089091882345965132e+02
3.308500197712507997e+03 -4.359886551736854017e+02
3.308521031045841482e+03 -7.288832827828591689e+02
3.308541864379174513e+03 -7.377162709559779614e+02
3.308562697712507997e+03 1.155692785143619403e+02
3.308583531045841482e+03 -7.931390176158165559e+02
3.308604364379174513e+03 -4.285844465658301488e+02
3.308625197712507997e+03 -6.259822254767641425e+02
3.308646031045841482e+03 -1.940205902511952445e+02
3.308666864379174513e+03 1.643841691135894507e+02
3.308687697712507997e+03 2.271992401934694499e+02
3.308708531045841482e+03 6.309771230613114312e+02
3.308729364379174513e+03 9.569671730311820284e+02
3.308750197712507997e+03 2.628522355111781508e+02
3.308771031045841482e+03 3.074310468006879091e+02
3.308791864379174513e+03 3.952981900332961231e+02
3.308812697712507997e+03 9.579052624207688496e+02
3.308833531045841482e+03 8.785027607541996986e+02
3.308854364379174513e+03 1.144254751190543175e+03
3.308875197712507997e+03 1.344554587581660599e+01
3.308896031045841482e+03 7.255439515504986048e+01
3.308916864379174513e+03 -2.450260829115286469e+02
3.308937697712507997e+03 -2.747485440962482244e+02
3.308958531045841482e+03 9.102650318399537355e+01
3.308979364379174513e+03 -9.596527862595394254e+01
3.309000197712507997e+03 3.237347307312302291e+01
3.309021031045841028e+03 1.461639133902499452e+02
3.309041864379174513e+03 -8.830080402886960655e+01
3.309062697712507997e+03 -7.422461187129374593e+01
3.309083531045841028e+03 -3.788376361737027764e+01
3.309104364379174513e+03 -5.478753233246970922e+01
3.309125197712507997e+03 2.432705428041517735e+02
3.309146031045841028e+03 4.802316357133677229e+02
3.309166864379174513e+03 -5.178621308333240449e+02
3.309187697712507997e+03 -4.323611435976345092e+02
3.309208531045841028e+03 3.305595866957446560e+02
3.309229364379174513e+03 -6.933133119562407956e+02
3.309250197712507997e+03 -1.918318481165915728e+02
3.309271031045841028e+03 2.272716228711651638e+02
3.309291864379174513e+03 -1.610022642707917839e+02
3.309312697712507997e+03 8.819923362106783316e+02
3.309333531045841028e+03 1.296353061619331129e+03
3.309354364379174513e+03 5.774004525042837486e+02
3.309375197712507997e+03 9.259775724170031026e+02
3.309396031045841028e+03 1.382227392829023302e+03
3.309416864379174513e+03 1.238843643156578764e+02
3.309437697712507997e+03 1.089628962591523305e+03
3.309458531045841028e+03 1.201466506061260588e+03
3.309479364379174513e+03 9.580038755928399041e+02
3.309500197712507997e+03 6.102883100553881377e+02
3.309521031045841028e+03 7.548929767799563706e+01
3.309541864379174513e+03 -5.270303529372904450e+01
3.309562697712507997e+03 4.663518308940110728e+02
3.309583531045841028e+03 -9.092671609995886683e+01
3.309604364379174513e+03 1.441124160373583436e+02
3.309625197712507997e+03 -2.667800474475370720e+02
3.309646031045841028e+03 -2.075107017555274069e+01
3.309666864379174513e+03 4.515693251366028562e+02
3.309687697712507997e+03 1.394030080356169492e+02
3.309708531045841028e+03 6.831207266440615058e+02
3.309729364379174513e+03 9.407899105747928843e+02
3.309750197712507997e+03 -7.174561870193574578e+02
3.309771031045841028e+03 6.458945217817090452e+02
3.309791864379174513e+03 1.175267029940150678e+02
3.309812697712507997e+03 -4.192068453422980383e+02
3.309833531045841028e+03 8.232208139746217057e+02
3.309854364379174513e+03 -9.726925868516555056e+02
3.309875197712507997e+03 -3.235852731722407043e+02
3.309896031045841028e+03 2.945402973663294688e+02
3.309916864379174513e+03 -1.317734258400392719e+03
3.309937697712507997e+03 -6.233160233522066846e+02
3.309958531045841028e+03 -1.091935857586446218e+03
3.309979364379174513e+03 -7.029514221257995814e+02
3.310000197712507997e+03 -5.897705463755410165e+02
3.310021031045841028e+03 -1.076947059073718265e+02
3.310041864379174513e+03 4.217409686141181737e+02
3.310062697712507997e+03 6.792702373696956784e+02
3.310083531045841028e+03 2.233491039223736152e+02
3.310104364379174513e+03 6.173133496155496687e+02
3.310125197712507997e+03 3.739778815921163186e+02
3.310146031045841028e+03 3.644637781786732376e+02
3.310166864379174513e+03 9.809242029453162104e+01
3.310187697712507997e+03 -5.678270442691864446e+02
3.310208531045841028e+03 -1.811993355181766674e+02
3.310229364379174513e+03 3.383903065836057067e+01
3.310250197712507997e+03 -5.920252240621484816e+02
3.310271031045841028e+03 4.144524481438565999e+01
3.310291864379174513e+03 -1.855074441166361794e+02
3.310312697712507997e+03 -2.312356952056288719e+02
3.310333531045841028e+03 1.003303636445198208e+02
3.310354364379174513e+03 2.135663681131554767e+02
3.310375197712507997e+03 -2.000170799759216607e+02
3.310396031045841028e+03 7.724302578601054847e+01
3.310416864379174513e+03 1.625535514071816579e+02
3.310437697712507997e+03 5.909400514381704852e+02
3.310458531045841028e+03 4.507814546104054898e+01
3.310479364379174513e+03 8.263043833326082677e+01
3.310500197712507997e+03 3.789418465301860124e+02
3.310521031045841028e+03 1.505826138401171193e+02
3.310541864379174513e+03 1.123521963254315779e+02
3.310562697712507997e+03 -9.393735086440574378e+01
3.310583531045841028e+03 -6.938526809914037585e+00
3.310604364379174513e+03 -2.303272972184931859e+02
3.310625197712507997e+03 2.285057344639208168e+02
3.310646031045841028e+03 4.357543534059077501e+02
3.310666864379174513e+03 8.270816374849528074e+01
3.310687697712507997e+03 -7.209227669960819185e+01
3.310708531045841028e+03 5.483723479850450531e+02
3.310729364379174513e+03 5.133801789798308164e+02
3.310750197712507997e+03 6.261599682993255556e+01
3.310771031045841028e+03 -9.505057485646102577e+01
3.310791864379174513e+03 -4.024245875193737447e+02
3.310812697712507997e+03 -2.811690644255140796e+02
3.310833531045841028e+03 -1.780519473678432405e+02
3.310854364379174513e+03 -6.646427912086946890e+02
3.310875197712507997e+03 5.999519497795263305e+02
3.310896031045841028e+03 -4.667527301966911182e+02
3.310916864379174513e+03 4.129509792405879125e+02
3.310937697712507997e+03 -1.346522474169032648e+02
3.310958531045841028e+03 3.468505339120747522e+02
3.310979364379174513e+03 4.908620506824227050e+02
3.311000197712507997e+03 6.309548637610860169e+02
3.311021031045841028e+03 4.280054906167788431e+02
3.311041864379174513e+03 -9.698997327405959368e+01
3.311062697712507997e+03 1.037282454191823490e+03
3.311083531045841028e+03 -1.758861906497040763e+02
3.311104364379174513e+03 -1.834032115073641762e+02
3.311125197712507997e+03 -4.359642954356968403e+01
3.311146031045841028e+03 -2.252963591025909409e+02
3.311166864379174513e+03 -4.572782078201416880e+02
3.311187697712507997e+03 -5.366752131343819201e+02
3.311208531045841028e+03 -1.191492684485856444e+03
3.311229364379174513e+03 -8.248640086991945282e+02
3.311250197712507997e+03 -6.464798353485530242e+02
3.311271031045841028e+03 -6.777401965890312567e+02
3.311291864379174513e+03 -4.866371116604423150e+02
3.311312697712507997e+03 -4.904773582913912833e+01
3.311333531045841028e+03 -2.459854946703417227e+02
3.311354364379174513e+03 -3.829819871461950243e+02
3.311375197712507997e+03 2.955388654245762154e+02
3.311396031045841028e+03 5.338672110378975049e+02
3.311416864379174513e+03 7.452498743820469826e+02
3.311437697712507997e+03 8.008305546580813825e+02
3.311458531045841028e+03 7.908011991279199719e+02
3.311479364379174513e+03 4.495247979105915874e+02
3.311500197712507997e+03 1.528209317064611241e+02
3.311521031045841028e+03 2.634035984618822113e+02
3.311541864379174513e+03 1.905562623812584206e+02
3.311562697712507997e+03 1.896775630285264924e+02
3.311583531045841028e+03 -7.065960615616058931e+02
3.311604364379174513e+03 -1.071103665113798343e+03
3.311625197712507997e+03 -5.037408934273989871e+02
3.311646031045841028e+03 -2.239919200226431713e+02
3.311666864379174513e+03 3.481889080150285736e+02
3.311687697712507543e+03 -2.182880699619418010e+02
3.311708531045841028e+03 1.271276498436345719e+03
3.311729364379174513e+03 1.150139169514761306e+03
3.311750197712507543e+03 2.832216465473175049e+02
3.311771031045841028e+03 4.587120348843745887e+02
3.311791864379174513e+03 2.867330846736440435e+02
3.311812697712507543e+03 6.285692244811216369e+02
3.311833531045841028e+03 3.181408795301103964e+02
3.311854364379174513e+03 -5.501565407041925937e+01
3.311875197712507543e+03 -1.935036295067984611e+02
3.311896031045841028e+03 -5.373896825782721862e+02
3.311916864379174513e+03 -3.723908437320496887e+02
3.311937697712507543e+03 -7.572958989543840289e+02
3.311958531045841028e+03 -8.547682361728511751e+02
3.311979364379174513e+03 -8.207573184744687751e+02
3.312000197712507543e+03 -3.706100601775106043e+02
3.312021031045841028e+03 -4.638245453585404903e+02
3.312041864379174513e+03 -6.658774020138662308e+01
3.312062697712507543e+03 -1.068306642846437171e+02
3.312083531045841028e+03 5.289817368737421930e+02
3.312104364379174513e+03 1.443569627916440368e+01
3.312125197712507543e+03 -3.281518214865354821e+02
3.312146031045841028e+03 -5.852884236816316843e+02
3.312166864379174513e+03 -2.347684551919810474e+02
3.312187697712507543e+03 1.911497027599252760e+02
3.312208531045841028e+03 5.818485504088457674e+02
3.312229364379174513e+03 -3.536336012935498729e+02
3.312250197712507543e+03 -2.702966384937753901e+02
3.312271031045841028e+03 -6.543709189078072086e+02
3.312291864379174513e+03 5.727794152579735965e+01
3.312312697712507543e+03 -5.729933562923688442e+02
3.312333531045841028e+03 -5.275071696001105011e+02
3.312354364379174513e+03 -6.913490640280069783e+02
3.312375197712507543e+03 -9.494734074898296967e+02
3.312396031045841028e+03 -3.263060659089824185e+02
3.312416864379174513e+03 -3.790644084762316197e+02
3.312437697712507543e+03 -2.671199204502627254e+02
3.312458531045841028e+03 -1.095605481357895769e+03
3.312479364379174513e+03 -1.581845401888131164e+03
3.312500197712507543e+03 -2.686661759484559298e+02
3.312521031045841028e+03 -1.250139260281575844e+02
3.312541864379174513e+03 -2.497219726087059826e+02
3.312562697712507543e+03 -2.620359596424968913e+02
3.312583531045841028e+03 -9.547045583068393171e+01
3.312604364379174513e+03 -1.661262428900226951e+01
3.312625197712507543e+03 4.131183129582786933e+02
3.312646031045841028e+03 8.546045544487424195e+01
