3.452549405390526317e+03 -1.768143837588140741e+02
3.452570238723859802e+03 -2.707095683484803885e+02
3.452591072057193287e+03 5.788684609340270981e+02
3.452611905390526317e+03 -2.929242535926168784e+02
3.452632738723859802e+03 7.104553685912396759e+02
3.452653572057193287e+03 8.457971589124063030e+02
3.452674405390526317e+03 6.374162503388943151e+02
3.452695238723859802e+03 7.418550315297907218e+02
3.452716072057193287e+03 7.300173442083178088e+02
3.452736905390526317e+03 8.452514898621011525e+02
3.452757738723859802e+03 1.131310501508414745e+02
3.452778572057193287e+03 5.043949134558206424e+02
3.452799405390526317e+03 5.553297675354406238e+02
3.452820238723859802e+03 8.255910299160750583e+02
3.452841072057193287e+03 4.034716369684319943e+02
3.452861905390526317e+03 8.454476534315617755e+02
3.452882738723859802e+03 -8.826450429856777191e+01
3.452903572057193287e+03 2.650652567013166845e+02
3.452924405390526317e+03 1.796972014915663749e+02
3.452945238723859802e+03 8.577121012052521110e+02
3.452966072057193287e+03 1.620671589657547884e+03
3.452986905390526317e+03 4.482015209824312478e+02
3.453007738723859802e+03 8.659314857595600188e+02
3.453028572057193287e+03 9.606313699239399284e+02
3.453049405390526317e+03 1.360765466759330593e+03
3.453070238723859802e+03 2.917606101772980765e+02
3.453091072057193287e+03 1.263527991718379781e+03
3.453111905390526317e+03 1.131371540029533207e+03
3.453132738723859802e+03 -2.851670749994227663e+02
3.453153572057193287e+03 1.084148266137810424e+03
3.453174405390526317e+03 2.564536787958350033e+02
3.453195238723859802e+03 1.561639532976550981e+02
3.453216072057193287e+03 3.941012214766815305e+02
3.453236905390526317e+03 -3.595347067713737488e+01
3.453257738723859802e+03 3.022107851174660027e+02
3.453278572057193287e+03 1.039909345807973295e+01
3.453299405390526317e+03 1.396610390210989863e+02
3.453320238723859802e+03 2.878165209700819105e+01
3.453341072057193287e+03 -9.817484705126844347e+00
3.453361905390526317e+03 5.645021874583326280e+02
3.453382738723859802e+03 -3.097726815158966929e+01
3.453403572057193287e+03 5.063405489573488012e+02
3.453424405390526317e+03 6.666647872370667756e+02
3.453445238723859802e+03 4.525973337964387611e+02
3.453466072057193287e+03 9.277006483990699053e+02
3.453486905390526317e+03 -6.570427691326476634e+02
3.453507738723859802e+03 -2.730354731915285811e+02
3.453528572057193287e+03 -2.639723385586403310e+02
3.453549405390526317e+03 -4.683053481568349525e+02
3.453570238723859802e+03 -1.718159727740567178e+02
3.453591072057193287e+03 3.069498526724055409e+01
3.453611905390526317e+03 1.722709143433021381e+02
3.453632738723859802e+03 -2.306107704190071672e+01
3.453653572057193287e+03 6.864693702134536579e+02
3.453674405390526317e+03 9.558086605090647936e+02
3.453695238723859802e+03 5.458269022656604648e+02
3.453716072057193287e+03 5.544875952276634052e+02
3.453736905390526317e+03 4.503511139386100695e+02
3.453757738723859802e+03 6.995755947066936642e+02
3.453778572057193287e+03 4.170924741858616471e+02
3.453799405390526317e+03 8.532888119085691869e+02
3.453820238723859802e+03 5.254366155251627788e+02
3.453841072057193287e+03 7.972245895481901243e+02
3.453861905390526317e+03 8.377547823940403759e+00
3.453882738723859802e+03 2.626943670155014843e+01
3.453903572057193287e+03 1.487786052039591596e+02
3.453924405390526317e+03 -2.624038617678452283e+02
3.453945238723859802e+03 9.069061858940403908e+01
3.453966072057193287e+03 -2.742397475648904219e+02
3.453986905390526317e+03 -7.536366327700670809e+02
3.454007738723859802e+03 -4.897701466702856123e+02
3.454028572057193287e+03 7.867657040944322944e+01
3.454049405390526317e+03 -1.017749621602706611e+03
3.454070238723859802e+03 -8.935454817188438028e+02
3.454091072057193287e+03 -8.218741885297931731e+02
3.454111905390526317e+03 -4.950763571716379374e+02
3.454132738723859802e+03 -1.180508574822568335e+03
3.454153572057193287e+03 -4.058309280072571710e+02
3.454174405390526317e+03 3.783084565547760576e+02
3.454195238723859802e+03 -5.638377035872545093e+02
3.454216072057193287e+03 2.214695253439713269e+02
3.454236905390526317e+03 -6.048514600843191147e+01
3.454257738723859802e+03 -1.765763261839747429e+02
3.454278572057193287e+03 -5.426551717420807108e+02
3.454299405390526317e+03 3.906205191859044135e+01
3.454320238723859802e+03 2.212929139088373631e+02
3.454341072057193287e+03 5.649042126734275371e+01
3.454361905390526317e+03 -7.643960035875206813e+02
3.454382738723859802e+03 -6.459798268043668941e+02
3.454403572057193287e+03 -3.182459944030269980e+02
3.454424405390526317e+03 -6.022970830000704154e+02
3.454445238723859802e+03 -5.780279980502091348e+02
3.454466072057193287e+03 2.280493172294227406e+02
3.454486905390526317e+03 -7.273597339692059904e+02
3.454507738723859802e+03 -7.663107020015595481e+02
3.454528572057193287e+03 -8.791839607957517728e+02
3.454549405390526317e+03 -9.225747261522337794e+02
3.454570238723859802e+03 -8.404330858306493610e+02
3.454591072057193287e+03 -5.749974630628712475e+02
3.454611905390526317e+03 2.219505877350457013e+01
3.454632738723859802e+03 1.647213612985797226e+01
3.454653572057193287e+03 -1.299735910346498713e+02
3.454674405390526317e+03 -1.135142918530618772e+02
3.454695238723859802e+03 1.136252495474182069e+02
3.454716072057193287e+03 -8.812192394165322185e+00
3.454736905390526317e+03 -2.440810469607822597e+02
3.454757738723859802e+03 4.271052778065204620e+02
3.454778572057193287e+03 -4.403840802533086389e+02
3.454799405390526317e+03 3.108751644634176046e+02
3.454820238723859802e+03 4.529858030247269198e+02
3.454841072057193287e+03 6.505319648275617510e+02
3.454861905390526317e+03 -1.196357872684020549e+02
3.454882738723859802e+03 3.909417411149479449e+02
3.454903572057193287e+03 9.912893946152180433e+02
3.454924405390526317e+03 1.112402512079570442e+02
3.454945238723859802e+03 4.331735529956640676e+02
3.454966072057193287e+03 8.092671425782609731e+02
3.454986905390526317e+03 4.380132472894620150e+02
3.455007738723859802e+03 4.028381716555450112e+02
3.455028572057193287e+03 1.019038516654283740e+03
3.455049405390526317e+03 2.412302620378322899e+02
3.455070238723859802e+03 6.677499289293773472e+02
3.455091072057193287e+03 -1.883713857678230852e+01
3.455111905390526317e+03 -4.748726744351442903e+02
3.455132738723859802e+03 3.484147480856627226e+02
3.455153572057193287e+03 -4.954370900918729603e+01
3.455174405390526317e+03 -5.525457801577867940e+02
3.455195238723859802e+03 1.108006550825666636e+01
3.455216072057193287e+03 -8.647077734334161505e+02
3.455236905390526317e+03 -6.057820218635024503e+02
3.455257738723859802e+03 1.037093552665319294e+02
3.455278572057193287e+03 -8.182295637382194400e+02
3.455299405390526317e+03 -2.798951710796682164e+02
3.455320238723859802e+03 2.655568039594218135e+02
3.455341072057193287e+03 2.439862678103381768e+02
3.455361905390526317e+03 -5.480130800133338198e+02
3.455382738723859802e+03 -6.347274754889076576e+02
3.455403572057193287e+03 4.364322591872187331e+02
3.455424405390526317e+03 -7.717386669230181724e+02
3.455445238723859802e+03 2.106791399988578632e+02
3.455466072057193287e+03 -3.035647098681656644e+02
3.455486905390526317e+03 8.621905603224877268e+01
3.455507738723859802e+03 -1.839683060329407454e+02
3.455528572057193287e+03 -2.081854056186275557e+02
3.455549405390526317e+03 1.037878296073758975e+02
3.455570238723859802e+03 6.835113545865751803e+02
3.455591072057193287e+03 -3.283999810073291883e+02
3.455611905390526317e+03 -8.250017010339070112e+01
3.455632738723859802e+03 -4.832736423619790003e+02
3.455653572057193287e+03 -1.113694805044913664e+03
3.455674405390526317e+03 -9.895558851073728874e+02
3.455695238723859802e+03 8.364195517671760172e+01
3.455716072057193287e+03 -6.921527664103778079e+02
3.455736905390526317e+03 -8.322468979726545513e+02
3.455757738723859802e+03 -1.396710983286611736e+02
3.455778572057193287e+03 -5.670528606734005734e+02
3.455799405390526317e+03 -3.975922313763294369e+02
3.455820238723859802e+03 -4.160477548711933196e+02
3.455841072057193287e+03 -3.144268908679950982e+02
3.455861905390526317e+03 2.589338102461770177e+02
3.455882738723859802e+03 -3.677382740392349660e+02
3.455903572057193287e+03 4.535103981603169814e+02
3.455924405390526317e+03 -1.580003848669584841e+02
3.455945238723859802e+03 -2.754500276038888842e+02
3.455966072057193287e+03 1.793148683669278398e+02
3.455986905390526317e+03 1.223571284016943537e+03
3.456007738723859802e+03 3.268411296854028478e+02
3.456028572057193287e+03 2.300326584090944380e+02
3.456049405390526317e+03 8.870039245319785550e+02
3.456070238723859802e+03 -3.282999954507686198e+02
3.456091072057193287e+03 -6.520770796015858650e+01
3.456111905390526317e+03 -3.997721615530317649e+02
3.456132738723859802e+03 8.550386809709016234e+01
3.456153572057193287e+03 8.170492545502493158e+02
3.456174405390526317e+03 3.102615270797396079e+02
3.456195238723859802e+03 3.786410980653017759e+02
3.456216072057193287e+03 -9.505266834958456457e+01
3.456236905390526317e+03 -1.853904604271519929e+02
3.456257738723859802e+03 3.417144673657603562e+02
3.456278572057193287e+03 2.459572815123246983e+02
3.456299405390526317e+03 5.083775091064162552e+02
3.456320238723859802e+03 7.705497360877925530e+02
3.456341072057193287e+03 7.814465572700137272e+02
3.456361905390526317e+03 -1.416649810560047626e+02
3.456382738723859802e+03 5.203454676502151415e+02
3.456403572057193287e+03 -1.344751512731891125e+02
3.456424405390526317e+03 -3.677573860604315996e+02
3.456445238723859802e+03 1.178270485876128078e+02
3.456466072057193287e+03 -5.322010966638335958e+02
3.456486905390526317e+03 5.088784144453238696e+02
3.456507738723859802e+03 -2.901298966385656968e+02
3.456528572057193287e+03 1.239066009648377076e+02
3.456549405390526317e+03 5.440559856769395992e+02
3.456570238723859802e+03 3.769544388861395419e+02
3.456591072057193287e+03 4.417197331534698606e+02
3.456611905390526317e+03 3.786138684231555089e+02
3.456632738723859802e+03 4.579087104252539575e+02
3.456653572057193287e+03 -8.204950658604502678e+01
3.456674405390526317e+03 3.740425873727072030e+02
3.456695238723859802e+03 1.160521804512245581e+02
3.456716072057193287e+03 5.017203646375564858e+02
3.456736905390526317e+03 -2.181468479055911303e+02
3.456757738723859802e+03 -7.492060221300926059e+02
3.456778572057193287e+03 -2.074158031244296581e+02
3.456799405390526317e+03 -1.621848314775852486e+02
3.456820238723859802e+03 -7.050855719083920121e+02
3.456841072057193287e+03 -9.485199828793993220e+02
3.456861905390526317e+03 -9.554401982311392203e+02
3.456882738723859802e+03 -7.019743800846626982e+02
3.456903572057193287e+03 3.687415942138759419e+02
3.456924405390526317e+03 -6.287858108745422214e+01
3.456945238723859802e+03 -1.382177923411363736e+02
3.456966072057193287e+03 4.347648285984760150e+02
3.456986905390526317e+03 -4.276209795846370980e+02
3.457007738723859802e+03 2.602866136948578060e+02
3.457028572057193287e+03 -4.170207472215406597e+01
3.457049405390526317e+03 3.274084043644834310e+02
3.457070238723859802e+03 8.069215915256645530e+02
3.457091072057193287e+03 -1.819968329130206257e+02
3.457111905390526317e+03 -1.945232390529708937e+02
3.457132738723859802e+03 1.055803142255172133e+00
3.457153572057193287e+03 1.035304020822513849e+02
3.457174405390526317e+03 3.169581652241759002e+02
3.457195238723859802e+03 2.465266512235393748e+02
3.457216072057193287e+03 -2.787322757160291076e+01
3.457236905390526317e+03 1.227688073203898966e+02
3.457257738723859802e+03 -4.226352164341369644e+02
3.457278572057193287e+03 -2.018566581442719325e+02
3.457299405390526317e+03 2.367959901199210435e+02
3.457320238723859802e+03 4.379540107460925356e+02
3.457341072057193287e+03 9.511841457162518054e+01
3.457361905390526317e+03 5.128444252954795957e+02
3.457382738723859802e+03 1.100648767311591655e+03
3.457403572057193287e+03 5.633443679866613820e+02
3.457424405390526317e+03 7.281374791229609400e+02
3.457445238723859802e+03 5.285443101883865893e+02
3.457466072057193287e+03 3.482485789366764948e+02
3.457486905390526317e+03 2.113501041574636474e+02
3.457507738723859802e+03 1.738024194719037041e+02
3.457528572057193287e+03 3.692613117245491594e+01
3.457549405390526317e+03 -2.169114520096918568e+02
3.457570238723859802e+03 6.757105843292083591e+01
3.457591072057193287e+03 -1.008695465964265168e+02
3.457611905390526317e+03 5.890439826628426090e+02
3.457632738723859802e+03 1.466387395135825500e+02
3.457653572057193287e+03 6.715042691890848801e+02
3.457674405390526317e+03 4.254895923422882333e+02
3.457695238723859802e+03 2.699440857912413776e+02
3.457716072057193287e+03 8.678667689405847341e+01
3.457736905390526317e+03 2.690287555811228231e+02
3.457757738723859802e+03 -3.945677614361047745e+02
3.457778572057193287e+03 1.893053333059651777e+02
3.457799405390526317e+03 2.512048582377610728e+02
3.457820238723859802e+03 -2.498581343124387786e+02
3.457841072057193287e+03 4.384336025479715317e+02
3.457861905390526317e+03 -7.630505630366969854e+02
3.457882738723859802e+03 -6.848298438281053677e+02
3.457903572057193287e+03 -6.865877506628166884e+02
3.457924405390526317e+03 -6.833083403152413666e+02
3.457945238723859802e+03 -7.272642109522130340e+02
3.457966072057193287e+03 -2.748507925684098154e+02
3.457986905390526317e+03 -3.619916687437798828e+02
3.458007738723859802e+03 -3.833901614516507834e+02
3.458028572057193287e+03 -1.177203346476424485e+03
3.458049405390526317e+03 -4.163124176650308073e+01
3.458070238723859802e+03 7.396938076231162995e+01
3.458091072057193287e+03 -2.566365172335645184e+02
3.458111905390526317e+03 3.736964150788262486e+02
3.458132738723859802e+03 7.048049089452251792e+02
3.458153572057193287e+03 1.164986662146984600e+03
3.458174405390526317e+03 3.427050517142051831e+02
3.458195238723859802e+03 1.729585889059817418e+02
3.458216072057193287e+03 3.182746162430848926e+02
3.458236905390526317e+03 -1.188079786130692810e+02
3.458257738723859802e+03 -1.179515300532919355e+03
3.458278572057193287e+03 -1.199480978463543579e+03
3.458299405390526317e+03 -8.873101609513396397e+02
3.458320238723859802e+03 -4.886709174045827240e+02
3.458341072057193287e+03 5.214256403894396499e+02
3.458361905390526317e+03 -5.582375048570102081e+02
3.458382738723859802e+03 2.057006127352360636e+01
3.458403572057193287e+03 -1.240493761165998876e+01
3.458424405390526317e+03 8.020046560945920646e+02
3.458445238723859802e+03 -2.647864878468681127e+01
3.458466072057193287e+03 9.470225624844897538e+01
3.458486905390526317e+03 -4.071670283960411325e+02
3.458507738723859802e+03 -1.174061246948200278e+03
3.458528572057193287e+03 4.191758296545594931e+01
3.458549405390526317e+03 -4.595101309146266431e+02
3.458570238723859802e+03 1.194156036735512316e+01
3.458591072057193287e+03 -2.753695149827981368e+02
3.458611905390526317e+03 -5.045179285369813442e+02
3.458632738723859802e+03 7.028372475493233651e+01
3.458653572057193287e+03 4.325003551277332008e+02
3.458674405390526317e+03 -4.673277613939717412e+00
3.458695238723859802e+03 6.565042856566142291e+02
3.458716072057193287e+03 3.042916662570787594e+02
3.458736905390526317e+03 7.211092559529934078e+02
3.458757738723859802e+03 3.389898487571626902e+02
3.458778572057193287e+03 1.615752824331866577e+02
3.458799405390526317e+03 6.705847899510990828e+01
3.458820238723859802e+03 -1.270292133640032262e+01
3.458841072057193287e+03 3.223805694705806673e+02
3.458861905390526317e+03 -2.046834945083828643e+02
3.458882738723859802e+03 2.464583648657426238e+02
3.458903572057193287e+03 -6.939730349053861573e+02
3.458924405390526317e+03 -4.498147405586205423e+02
3.458945238723859802e+03 -7.322863068634178489e+02
3.458966072057193287e+03 1.223894027213100344e+02
3.458986905390526317e+03 -5.968882567742839456e+02
3.459007738723859802e+03 -5.807933019082993269e+02
3.459028572057193287e+03 6.120385098675033078e+02
3.459049405390526317e+03 -6.075330603029578924e+01
3.459070238723859802e+03 7.050913959599565715e+02
3.459091072057193287e+03 1.163993419298203662e+02
3.459111905390526317e+03 2.935960119053488597e+02
3.459132738723859802e+03 3.452208418968366459e+02
3.459153572057193287e+03 7.377820303302723914e+01
3.459174405390526317e+03 nan
3.459195238723859802e+03 nan
3.459216072057193287e+03 nan
3.459236905390526317e+03 nan
3.459257738723859802e+03 nan
3.459278572057193287e+03 nan
3.459299405390526317e+03 nan
3.459320238723859802e+03 nan
3.459341072057193287e+03 nan
3.459361905390526317e+03 nan
3.459382738723859802e+03 -1.101442709805560298e+03
3.459403572057193287e+03 -1.120962642053258605e+03
3.459424405390526317e+03 -2.466696741631021723e+02
3.459445238723859802e+03 -5.702661662579048425e+02
3.459466072057193287e+03 2.077900190628133714e+01
3.459486905390526317e+03 1.699059219685150310e+02
3.459507738723859802e+03 -3.396352503406815231e+02
3.459528572057193287e+03 5.508536572313169017e+02
3.459549405390526317e+03 4.572607938515720889e+02
3.459570238723859802e+03 6.556190613262588158e+02
3.459591072057193287e+03 1.778130325195379555e+02
3.459611905390526317e+03 7.961195388534106314e+02
3.459632738723859802e+03 3.408908198042772710e+02
3.459653572057193287e+03 -3.687176466658711433e+02
3.459674405390526317e+03 2.250500845732167363e+02
3.459695238723859802e+03 2.110277050016447902e+02
3.459716072057193287e+03 1.214966845721937716e+01
3.459736905390526317e+03 -2.659799646848114207e+02
3.459757738723859802e+03 -6.327876477647805586e+02
3.459778572057193287e+03 1.271847071283264086e+02
3.459799405390526317e+03 -6.263837853150907904e+02
3.459820238723859802e+03 -6.086919237233232707e+02
3.459841072057193287e+03 -1.781543977941619232e+02
3.459861905390526317e+03 -7.372602253514342010e+02
3.459882738723859802e+03 1.570914852124406025e+02
3.459903572057193287e+03 -6.918504161433083937e+02
3.459924405390526317e+03 -5.828745409062830731e+02
3.459945238723859802e+03 8.652938863378949463e+01
3.459966072057193287e+03 -5.980889234668575227e+02
3.459986905390526317e+03 -5.572728057383792475e+02
3.460007738723859802e+03 -7.502542825698619708e+02
3.460028572057193287e+03 -4.372288558490108699e+02
3.460049405390526317e+03 -3.048758302712813020e+02
3.460070238723859802e+03 -5.413689622135134414e+02
3.460091072057193287e+03 2.069997812267392874e+02
3.460111905390526317e+03 -2.139239586270414293e+02
3.460132738723859802e+03 -5.815861634707543999e+02
3.460153572057193287e+03 -3.105243099541403353e+02
3.460174405390526317e+03 -5.009615141110261902e+02
3.460195238723859802e+03 3.840848984707845375e+02
3.460216072057193287e+03 -1.256041524604661390e+03
3.460236905390526317e+03 -3.040602678674040362e+02
3.460257738723859802e+03 -1.382944933002581820e+02
3.460278572057193287e+03 6.827850022877100855e+01
3.460299405390526317e+03 9.138038153642555699e+02
3.460320238723859802e+03 7.624188368208706379e+00
3.460341072057193287e+03 5.795172659168019891e+01
3.460361905390526317e+03 -8.514141598828136921e+02
3.460382738723859802e+03 -4.954569590522442013e+02
3.460403572057193287e+03 -3.597511024978011847e+02
3.460424405390526317e+03 2.623973014549119398e+02
3.460445238723859802e+03 -3.755970629421062768e+01
3.460466072057193287e+03 -8.258539714256767184e+01
3.460486905390526317e+03 1.011649207965238020e+02
3.460507738723859802e+03 1.494208814615849406e+02
3.460528572057193287e+03 2.573787805679021403e+02
3.460549405390526317e+03 2.819168915759073570e+02
3.460570238723859802e+03 1.098539153056917712e+02
3.460591072057193287e+03 4.663589352648705244e+02
3.460611905390526317e+03 8.997419697267469019e+01
3.460632738723859802e+03 7.551842062585055828e+02
3.460653572057193287e+03 4.112755437742453068e+01
3.460674405390526317e+03 -4.144917895715916529e+02
3.460695238723859802e+03 -4.913926873034797609e+02
3.460716072057193287e+03 1.734030287140049040e+02
3.460736905390526317e+03 -2.098378911742474884e+01
3.460757738723859802e+03 6.613364256543572992e+02
3.460778572057193287e+03 -4.987511199575383216e+02
3.460799405390526317e+03 -2.174122997149825096e+02
3.460820238723859802e+03 8.610543389036320150e+01
3.460841072057193287e+03 -6.000975078295450658e+02
3.460861905390526317e+03 1.642632816330296919e+02
3.460882738723859802e+03 2.013071929450379685e+02
3.460903572057193287e+03 1.414875935858581215e+02
3.460924405390526317e+03 1.370793355138739571e+02
3.460945238723859802e+03 9.217307833189843222e+02
3.460966072057193287e+03 -1.919239260250469670e+02
3.460986905390526317e+03 7.657717635136796162e+02
3.461007738723859802e+03 1.620990553157171234e+02
3.461028572057193287e+03 3.670838965410366654e+02
3.461049405390526317e+03 -2.567500580677296966e+02
3.461070238723859802e+03 6.584696122393943369e+02
3.461091072057193287e+03 -1.209603529183659703e+02
3.461111905390526317e+03 4.673393192363437265e+01
3.461132738723859802e+03 7.701366661014035344e+02
3.461153572057193287e+03 -9.781986911431886256e+00
3.461174405390526317e+03 7.511229093139991164e+01
3.461195238723859802e+03 -5.731433698488399386e+02
3.461216072057193287e+03 -5.165744618109893054e+02
3.461236905390526317e+03 1.154568393788067624e+02
3.461257738723859802e+03 -5.641529367798939347e+02
3.461278572057193287e+03 1.520428934155497700e+02
3.461299405390526317e+03 -4.071497766209067777e+02
3.461320238723859802e+03 -5.816404130940791219e+02
3.461341072057193287e+03 -1.433147442966001108e+02
3.461361905390526317e+03 -3.449081958312308416e+02
3.461382738723859802e+03 -4.592009370824089274e+02
3.461403572057193287e+03 -9.269661885756067932e+02
3.461424405390526317e+03 -4.652191836514975876e+01
3.461445238723859802e+03 -1.292327504316461273e+03
3.461466072057193287e+03 3.021771058486774564e+02
3.461486905390526317e+03 -5.817630500989034772e+02
3.461507738723859802e+03 4.505797111595747992e+02
3.461528572057193287e+03 4.328046153848990798e+02
3.461549405390526317e+03 9.382314843123313040e+02
3.461570238723859802e+03 5.001589423333061859e+02
3.461591072057193287e+03 1.108887315592728555e+03
3.461611905390526317e+03 3.792377345225540921e+02
3.461632738723859802e+03 -1.679759053455200046e+01
3.461653572057193287e+03 -5.987647830967325717e+02
3.461674405390526317e+03 -1.026222177267773077e+02
3.461695238723859802e+03 1.964412919695023447e+02
3.461716072057193287e+03 -6.680904468942899257e+02
3.461736905390526317e+03 -2.902792823973577470e+02
3.461757738723859802e+03 -2.220476756709394976e+02
3.461778572057193287e+03 -3.668960907309083268e+02
3.461799405390526317e+03 -1.228601424187654629e+02
3.461820238723859802e+03 9.529999237540178001e+02
3.461841072057193287e+03 1.959887281901901588e+02
3.461861905390526317e+03 2.349094369971426204e+02
3.461882738723859802e+03 1.074501711705350317e+03
3.461903572057193287e+03 1.697713330949307419e+03
3.461924405390526317e+03 1.024424709182349034e+03
3.461945238723859802e+03 4.558460292629897594e+02
3.461966072057193287e+03 3.974363865267951041e+02
3.461986905390526317e+03 9.120594774051569402e+02
3.462007738723859802e+03 1.030123558870865963e+03
3.462028572057193287e+03 8.520537173127522692e+02
3.462049405390526317e+03 -3.089803994756657630e+02
3.462070238723859802e+03 5.111345966100925580e+02
3.462091072057193287e+03 2.988904126861598343e+02
3.462111905390526317e+03 7.747594380911905318e+02
3.462132738723859802e+03 5.703335460582748055e+02
3.462153572057193287e+03 4.838953171829925850e+02
3.462174405390526317e+03 7.163928561450447887e+02
3.462195238723859802e+03 5.594808478375198320e+02
3.462216072057193287e+03 -2.171072617056779563e+01
3.462236905390526317e+03 7.726121236119652167e+02
3.462257738723859802e+03 5.248361012418754399e+02
3.462278572057193287e+03 4.136907831222051755e+02
3.462299405390526317e+03 -3.245007486292161047e+01
3.462320238723859802e+03 -7.806587737053632736e+01
3.462341072057193287e+03 3.670080090861301869e+02
3.462361905390526317e+03 1.933164324195822701e+02
3.462382738723859802e+03 2.952879269503755495e+02
3.462403572057193287e+03 2.962931142144370824e+02
3.462424405390526317e+03 5.505039649654645473e+01
3.462445238723859802e+03 2.039007726743584499e+02
3.462466072057193287e+03 -1.502096802212763578e+02
3.462486905390526317e+03 -4.798815490960841998e+02
3.462507738723859802e+03 9.012630384066142142e+01
3.462528572057193287e+03 3.369960568893002346e+02
3.462549405390526317e+03 -4.384313933795783669e+02
3.462570238723859802e+03 -5.273150860203895718e+02
3.462591072057193287e+03 -4.791221413899911568e+02
3.462611905390526317e+03 -5.232601329016033560e+02
3.462632738723859802e+03 -5.735197130142478272e+02
3.462653572057193287e+03 -8.943769236142979935e+02
3.462674405390526317e+03 2.537185971465660259e+02
3.462695238723859802e+03 1.960856918386416510e+02
3.462716072057193287e+03 1.329997268912848085e+02
3.462736905390526317e+03 -4.222142845547059551e+02
3.462757738723859802e+03 5.941358375013805926e+00
3.462778572057193287e+03 5.397129481311421841e+02
3.462799405390526317e+03 2.504419493405148387e+02
3.462820238723859802e+03 -3.892988631618209183e+00
3.462841072057193287e+03 7.066006290166405961e+02
3.462861905390526317e+03 -1.043140983486082405e+02
3.462882738723859802e+03 -1.579232657806714997e+02
3.462903572057193287e+03 -7.722102312080096453e+01
3.462924405390526317e+03 1.476493117053760216e+02
3.462945238723859802e+03 3.822955853585153818e+02
3.462966072057193287e+03 4.659409981756471097e+02
3.462986905390526317e+03 2.916857793601229787e+02
3.463007738723859802e+03 9.739154747036518529e+02
3.463028572057193287e+03 1.082997897937893867e+02
3.463049405390526317e+03 1.332921995590440929e+02
3.463070238723859802e+03 -6.554417105424217880e+02
3.463091072057193287e+03 -3.232178335404023528e+01
3.463111905390526317e+03 -4.178603718687081710e+02
3.463132738723859802e+03 1.006971245186869055e+02
3.463153572057193287e+03 -3.877537758485414088e+02
3.463174405390526317e+03 -1.588049879553727806e+02
3.463195238723859802e+03 -2.666040091216564178e+01
3.463216072057193287e+03 -4.069508374918950722e+02
3.463236905390526317e+03 -2.042150740112410858e+02
3.463257738723859802e+03 5.513866836766246706e+02
3.463278572057193287e+03 9.225330264127114788e+02
3.463299405390526317e+03 8.815061809276230633e+02
3.463320238723859802e+03 1.630406749085523188e+00
3.463341072057193287e+03 -1.533391397196101025e+02
3.463361905390526317e+03 3.048446558562573045e+02
3.463382738723859802e+03 4.407693869057111442e+02
3.463403572057193287e+03 6.635313608899014071e+02
3.463424405390526317e+03 2.565805288503179327e+02
3.463445238723859802e+03 -2.161471132133156061e+02
3.463466072057193287e+03 -3.764649129008175805e+02
3.463486905390526317e+03 -1.059356374961207621e+03
3.463507738723859802e+03 2.980006821189308539e+02
3.463528572057193287e+03 -2.549709746785229072e+02
3.463549405390526317e+03 -3.514693260519998148e+02
3.463570238723859802e+03 -1.386856128019280732e+02
3.463591072057193287e+03 -3.892637754990719259e+02
3.463611905390526317e+03 -4.727021668893285096e+02
3.463632738723859802e+03 1.134982587293488905e+02
3.463653572057193287e+03 -3.160846087804529816e+02
3.463674405390526317e+03 2.917216757937567309e+02
3.463695238723859802e+03 6.794990736136678606e+02
3.463716072057193287e+03 3.447500740637769923e+02
3.463736905390526317e+03 6.235300751903560013e+02
3.463757738723859802e+03 -2.890639396851183847e+02
3.463778572057193287e+03 9.930881644645705819e+01
3.463799405390526317e+03 3.654177344882627949e+02
3.463820238723859802e+03 -2.515742075075395405e+02
3.463841072057193287e+03 -4.719045759518630803e+02
3.463861905390526317e+03 -6.444105443728622049e+02
3.463882738723859802e+03 -6.868336540017044172e+02
3.463903572057193287e+03 -8.958832109952345490e+02
3.463924405390526317e+03 -9.657486928708385676e+02
3.463945238723859802e+03 -3.499039414541330189e+02
3.463966072057193287e+03 -1.025554466606117785e+02
3.463986905390526317e+03 3.178981434232555330e+02
3.464007738723859802e+03 2.358713699402287602e+02
3.464028572057193287e+03 5.251771000832086429e+02
3.464049405390526317e+03 7.374682917019817978e+02
3.464070238723859802e+03 5.667753523013088852e+02
3.464091072057193287e+03 5.060857419888488948e+02
3.464111905390526317e+03 4.797785564473597333e+02
3.464132738723859802e+03 6.270379748078994453e+00
3.464153572057193287e+03 -4.055081794895231724e+02
3.464174405390526317e+03 -5.759735527416924015e+02
3.464195238723859802e+03 -9.110307428869418800e+01
3.464216072057193287e+03 1.355107100270688534e+02
3.464236905390526317e+03 3.030462706140242517e+02
3.464257738723859802e+03 -1.155392704600468278e+03
3.464278572057193287e+03 -1.053409799674409442e+03
3.464299405390526317e+03 1.117667882080422714e+02
3.464320238723859802e+03 -2.195799199916655198e+02
3.464341072057193287e+03 -3.371802154602482915e+02
3.464361905390526317e+03 2.983611496910452843e+01
3.464382738723859802e+03 4.523418343687662855e+02
3.464403572057193287e+03 5.118192346967989579e+02
3.464424405390526317e+03 1.291968046778347343e+02
3.464445238723859802e+03 -1.017201456089969724e+02
3.464466072057193287e+03 1.564559768204344437e+02
3.464486905390526317e+03 -1.209382613550405949e+01
3.464507738723859802e+03 1.105962256331695244e+02
3.464528572057193287e+03 1.015919207455590367e+01
3.464549405390526317e+03 -1.072812521890737116e+02
3.464570238723859802e+03 -1.355060081077972427e+02
3.464591072057193287e+03 -7.754610591022064909e+02
3.464611905390526317e+03 1.009034252999117598e+02
3.464632738723859802e+03 -5.265507563881110400e+02
3.464653572057193287e+03 9.709206747938878834e+02
3.464674405390526317e+03 2.048655881115701050e+02
3.464695238723859802e+03 2.808928285017609596e+02
3.464716072057193287e+03 7.502437799179460853e+01
3.464736905390526317e+03 9.899967021383345127e+02
3.464757738723859802e+03 -3.104248712586704642e+02
3.464778572057193287e+03 -1.727003658703761175e+02
3.464799405390526317e+03 -5.212707948690513149e+02
3.464820238723859802e+03 3.408426307083573192e+01
3.464841072057193287e+03 -2.492146608105394989e+02
3.464861905390526772e+03 2.404999364773975685e+02
3.464882738723859802e+03 1.879215808341978118e+02
3.464903572057193287e+03 -4.729472726591629907e+02
3.464924405390526772e+03 2.342060084403492510e+02
3.464945238723859802e+03 -2.876311847793404013e+02
3.464966072057193287e+03 1.028283037371002138e+02
3.464986905390526772e+03 4.868766805503983051e+02
3.465007738723859802e+03 5.344285717281745747e+02
3.465028572057193287e+03 -9.462634634063579142e+01
3.465049405390526772e+03 -6.432995511308545247e+02
3.465070238723859802e+03 5.561572015372803435e+02
3.465091072057193287e+03 9.376748856446938589e+02
3.465111905390526772e+03 -6.267466534313280135e+01
3.465132738723859802e+03 -5.629577353874919936e+02
3.465153572057193287e+03 -8.197399629687424749e+02
3.465174405390526772e+03 -8.656429537846706808e+02
3.465195238723859802e+03 -1.303193460259004496e+03
3.465216072057193287e+03 -8.376666320672957227e+02
3.465236905390526772e+03 -9.238795701691415161e+02
3.465257738723859802e+03 -1.343827499144012108e+03
3.465278572057193287e+03 -1.298069233966642059e+03
3.465299405390526772e+03 -1.487700039268704131e+03
3.465320238723859802e+03 -8.927701757919276133e+02
3.465341072057193287e+03 -4.849950831875903532e+02
3.465361905390526772e+03 -5.191697687116684392e+02
3.465382738723859802e+03 -9.079976081779459491e+02
3.465403572057193287e+03 -1.069544150284607895e+03
3.465424405390526772e+03 -1.021095121309626848e+03
3.465445238723859802e+03 -7.478642465223092586e+02
3.465466072057193287e+03 -7.655650554184103385e+02
3.465486905390526772e+03 -3.658933172649703920e+02
3.465507738723859802e+03 -6.892140741785988212e+02
3.465528572057193287e+03 2.782184008070034906e+02
3.465549405390526772e+03 -5.394092627123463899e+02
3.465570238723859802e+03 1.631431023281766102e+02
3.465591072057193287e+03 -1.322624119448126294e+03
3.465611905390526772e+03 nan
3.465632738723859802e+03 nan
3.465653572057193287e+03 nan
3.465674405390526772e+03 nan
3.465695238723859802e+03 nan
3.465716072057193287e+03 nan
3.465736905390526772e+03 nan
3.465757738723859802e+03 nan
3.465778572057193287e+03 nan
3.465799405390526772e+03 nan
3.465820238723859802e+03 -1.374351809179643169e+02
3.465841072057193287e+03 2.598000521219801158e+02
3.465861905390526772e+03 -3.170890426741680130e+02
3.465882738723859802e+03 3.363346269781468436e+02
3.465903572057193287e+03 2.945148813776904717e+02
3.465924405390526772e+03 6.344735733504639938e+02
3.465945238723859802e+03 2.359771375013515353e+02
3.465966072057193287e+03 3.006586754018208012e+02
3.465986905390526772e+03 2.817182851614197716e+02
3.466007738723859802e+03 5.619153898023068905e+02
3.466028572057193287e+03 -3.726749224528903142e+02
3.466049405390526772e+03 3.383227363327750936e+02
3.466070238723859802e+03 -1.506469798659672961e+02
3.466091072057193287e+03 -3.866437988904071972e+02
3.466111905390526772e+03 1.230401491505326703e+02
3.466132738723859802e+03 2.999154279592912644e+02
3.466153572057193287e+03 3.902277524973032996e+02
3.466174405390526772e+03 4.013752570411888883e+02
3.466195238723859802e+03 2.328113628273131326e+02
3.466216072057193287e+03 -2.392644550724653527e+02
3.466236905390526772e+03 9.259302168844733387e+02
3.466257738723859802e+03 -2.715445730830542743e+02
3.466278572057193287e+03 -1.592644739949610084e+02
3.466299405390526772e+03 -4.963655530824325979e+00
3.466320238723859802e+03 -7.799357072653947398e+02
3.466341072057193287e+03 -5.337365083297481760e+02
3.466361905390526772e+03 -4.509734233252238482e+02
3.466382738723859802e+03 6.644123462866991758e+01
3.466403572057193287e+03 -5.325330737206386402e+02
3.466424405390526772e+03 -7.961950144419679418e+02
3.466445238723859802e+03 2.790596096200169995e+02
3.466466072057193287e+03 -2.527344799073180184e+02
3.466486905390526772e+03 1.122975979575421661e+02
3.466507738723859802e+03 8.695122702522203326e+02
3.466528572057193287e+03 -9.000702078815083951e+01
3.466549405390526772e+03 2.025413055764511228e+02
3.466570238723859802e+03 -2.200455900802044198e+02
3.466591072057193287e+03 -1.153329015965573490e+02
3.466611905390526772e+03 -2.627870955711696297e+02
3.466632738723859802e+03 -5.428107962809735909e+02
3.466653572057193287e+03 2.052282717783236876e+02
3.466674405390526772e+03 -2.874057058016769588e+02
3.466695238723859802e+03 -8.602476229879539460e+01
3.466716072057193287e+03 2.239425650745397434e+02
3.466736905390526772e+03 -2.657380334263434634e+02
3.466757738723859802e+03 -7.926023804175201803e+02
3.466778572057193287e+03 -5.217768511944450438e+01
3.466799405390526772e+03 -5.732993661337532103e+02
3.466820238723859802e+03 -2.952588346569100395e+02
3.466841072057193287e+03 3.875656722418498248e+02
3.466861905390526772e+03 1.956949276910163462e+02
3.466882738723859802e+03 3.851022247689543292e+02
3.466903572057193287e+03 -3.619367721284506842e+02
3.466924405390526772e+03 3.063044965261360630e+02
3.466945238723859802e+03 4.160115916576469317e+02
3.466966072057193287e+03 -3.822954819137230515e+02
3.466986905390526772e+03 2.073827667438890785e+02
3.467007738723859802e+03 2.554974616121035069e+02
3.467028572057193287e+03 4.871038202069466934e+02
3.467049405390526772e+03 4.736794364647939801e+02
3.467070238723859802e+03 9.722101071549113840e+02
3.467091072057193287e+03 5.573661970108514652e+02
3.467111905390526772e+03 1.155665400351164863e+03
3.467132738723859802e+03 1.195763832622556947e+03
3.467153572057193287e+03 -1.895458674314431846e+02
3.467174405390526772e+03 6.374633233100175858e+02
3.467195238723859802e+03 1.862571996334008873e+02
3.467216072057193287e+03 2.260278084252495319e+02
3.467236905390526772e+03 5.533612204014789313e+02
3.467257738723859802e+03 -5.272736520253820345e+02
3.467278572057193287e+03 -5.955405144883552566e+02
3.467299405390526772e+03 2.985477939766133204e+02
3.467320238723859802e+03 -2.450566003798739985e+02
3.467341072057193287e+03 -7.653153294620569795e+02
3.467361905390526772e+03 -2.760910309059545398e+01
3.467382738723859802e+03 -3.513966263341717422e+01
3.467403572057193287e+03 -7.805845335465855896e+02
3.467424405390526772e+03 2.631202014795271680e+02
3.467445238723859802e+03 2.460605101152323186e+02
3.467466072057193287e+03 -8.664940516848582774e+02
3.467486905390526772e+03 -1.931788882280234247e+02
3.467507738723859802e+03 -4.231539991694735363e+02
3.467528572057193287e+03 -3.713813289934769273e+02
3.467549405390526772e+03 7.488500819243490696e+02
3.467570238723859802e+03 -8.790693634802009910e+02
3.467591072057193287e+03 3.043968646530993283e+01
3.467611905390526772e+03 1.731457915181526914e+02
3.467632738723859802e+03 -2.915618792863097042e+01
3.467653572057193287e+03 6.143807705352082849e+01
3.467674405390526772e+03 -1.235912759791826829e+02
3.467695238723859802e+03 5.910205139616737142e+02
3.467716072057193287e+03 4.615334262263495475e+02
3.467736905390526772e+03 2.073300150880822912e+02
3.467757738723859802e+03 6.311944637951673940e+02
3.467778572057193287e+03 2.927462067552842200e+02
3.467799405390526772e+03 6.736314236333128065e+02
3.467820238723859802e+03 8.568570885189110413e+02
3.467841072057193287e+03 -1.385258212314220145e+02
3.467861905390526772e+03 4.341966560089495033e+02
3.467882738723859802e+03 5.473550929939374328e+02
3.467903572057193287e+03 1.932304682827088982e+02
3.467924405390526772e+03 -5.836671991827897727e+02
3.467945238723859802e+03 -2.152545991505030543e+02
3.467966072057193287e+03 7.351192334336228669e+02
3.467986905390526772e+03 8.248047315888106823e+02
3.468007738723859802e+03 -2.096190382292261347e+02
3.468028572057193287e+03 3.358413930202368647e+02
3.468049405390526772e+03 -7.451045960374176502e+01
3.468070238723859802e+03 8.564635118586011231e+01
3.468091072057193287e+03 -7.750729990133550018e+01
3.468111905390526772e+03 2.821406557194422930e+02
3.468132738723859802e+03 8.608028073083842173e+02
3.468153572057193287e+03 1.972892265438567847e+02
3.468174405390526772e+03 -2.011359716035658494e+02
3.468195238723859802e+03 2.855707888863980770e+02
3.468216072057193287e+03 4.238998594676377252e+02
3.468236905390526772e+03 3.146201203020755202e+02
3.468257738723859802e+03 -3.078385962208267301e+01
3.468278572057193287e+03 3.203755531271453947e+02
3.468299405390526772e+03 -4.883959928108379245e+01
3.468320238723859802e+03 -1.388136868455912918e+02
3.468341072057193287e+03 3.589350346158025786e+02
3.468361905390526772e+03 -4.941720409202389419e+01
3.468382738723859802e+03 -8.146974862669594586e+00
3.468403572057193287e+03 -8.183243688079528511e+02
3.468424405390526772e+03 -4.746203448558226228e+02
3.468445238723859802e+03 2.575731275596190244e+02
3.468466072057193287e+03 1.560112858834909275e+02
3.468486905390526772e+03 3.552223600125871599e+02
3.468507738723859802e+03 7.064012816385366023e+01
3.468528572057193287e+03 -2.447289219708181918e+01
3.468549405390526772e+03 2.033619430917315185e+01
3.468570238723859802e+03 -1.083177532702684402e+02
3.468591072057193287e+03 -6.488966122639831156e+02
3.468611905390526772e+03 1.486148162637837231e+02
3.468632738723859802e+03 1.699001622968353331e+02
3.468653572057193287e+03 -7.404597538284724578e+02
3.468674405390526772e+03 -2.425241557820700109e+02
3.468695238723859802e+03 2.603408260445576161e+02
3.468716072057193287e+03 7.200594875572714955e+02
3.468736905390526772e+03 6.762698330550920218e+02
3.468757738723859802e+03 2.320660212138900533e+02
3.468778572057193287e+03 -1.493194833642337471e+02
3.468799405390526772e+03 2.808290489088976756e+02
3.468820238723859802e+03 4.290514010649640113e+02
3.468841072057193287e+03 3.019006402700906619e+02
3.468861905390526772e+03 -8.136662060860544443e-02
3.468882738723859802e+03 5.284619204683694988e+02
3.468903572057193287e+03 3.601886943521676585e+02
3.468924405390526772e+03 -9.857313335046637803e+01
3.468945238723859802e+03 -3.877481032093055546e+01
3.468966072057193287e+03 -4.829036381173646078e+02
3.468986905390526772e+03 8.497997647931333631e+01
3.469007738723859802e+03 -2.657232438136124983e+02
3.469028572057193287e+03 -2.156971970431040972e+02
3.469049405390526772e+03 -6.327543979367474094e+02
3.469070238723859802e+03 2.268916949715930969e+02
3.469091072057193287e+03 -4.234226538182701916e+02
3.469111905390526772e+03 3.199833668733481318e+02
3.469132738723859802e+03 -1.707033553493674845e+02
3.469153572057193287e+03 -4.934723704011412337e+02
3.469174405390526772e+03 1.924021727580111474e+02
3.469195238723859802e+03 -2.029049371971050277e+02
3.469216072057193287e+03 3.077080512319225818e+02
3.469236905390526772e+03 2.920182555306237191e+02
3.469257738723859802e+03 9.812978058946318924e+02
3.469278572057193287e+03 -1.778273618129314855e+02
3.469299405390526772e+03 4.732182956358883530e+01
3.469320238723859802e+03 8.202686541156144813e+02
3.469341072057193287e+03 5.882828605163376778e+01
3.469361905390526772e+03 4.701632665388751775e+01
3.469382738723859802e+03 1.464757725328672677e+01
3.469403572057193287e+03 -4.751985441687284037e+02
3.469424405390526772e+03 2.618810816836776212e+02
3.469445238723859802e+03 -2.244700730377808213e+02
3.469466072057193287e+03 -4.829334793611196801e+02
3.469486905390526772e+03 -2.662185770764481276e+02
3.469507738723859802e+03 4.755324218192836270e+02
3.469528572057193287e+03 6.822273713849717751e+02
3.469549405390526772e+03 -2.878138486361131072e+02
3.469570238723859802e+03 8.808899756852770224e+02
3.469591072057193287e+03 4.647526536181103438e+02
3.469611905390526772e+03 4.058882818501442671e+02
3.469632738723859802e+03 2.780667557109845802e+02
3.469653572057193287e+03 -5.760766444972250611e+01
3.469674405390526772e+03 4.236426795122679323e+02
3.469695238723859802e+03 8.440895666521973908e+02
3.469716072057193287e+03 -2.244297340104822069e+01
3.469736905390526772e+03 8.914774360621813685e+02
3.469757738723859802e+03 4.449049759245244786e+02
3.469778572057193287e+03 -3.475068012644769624e+02
3.469799405390526772e+03 -3.102049633171409369e+02
3.469820238723859802e+03 2.728665063634980470e+01
3.469841072057193287e+03 1.305224371841177344e+02
3.469861905390526772e+03 5.839106664077844471e+02
3.469882738723859802e+03 4.937224544553318992e+02
3.469903572057193287e+03 2.565847546436125413e+02
3.469924405390526772e+03 4.024335776924854144e+02
3.469945238723859802e+03 8.010493626336101443e+02
3.469966072057193287e+03 9.259534335018834099e+02
3.469986905390526772e+03 6.250135491687105969e+02
3.470007738723859802e+03 6.148123543598921970e+02
3.470028572057193287e+03 7.118714608848094940e+02
3.470049405390526772e+03 2.221079730294877663e+02
3.470070238723859802e+03 3.474604964297031984e+02
3.470091072057193287e+03 5.824351124059176072e+02
3.470111905390526772e+03 6.940174907632172108e+02
3.470132738723859802e+03 1.166461004063021392e+02
3.470153572057193287e+03 3.889009900575038046e+02
3.470174405390526772e+03 7.248549770291429013e+02
3.470195238723859802e+03 6.593581647844985127e+01
3.470216072057193287e+03 4.738432638037484139e+02
3.470236905390526772e+03 -2.687134690961102024e+02
3.470257738723859802e+03 1.746985529456287622e+01
3.470278572057193287e+03 2.459087077922886238e+02
3.470299405390526772e+03 -1.429930877967271954e+02
3.470320238723859802e+03 2.611983070470159873e+02
3.470341072057193287e+03 -2.213384846077533439e+02
3.470361905390526772e+03 9.680022276814561337e+02
3.470382738723859802e+03 7.023672678191214800e+02
3.470403572057193287e+03 1.813409291829448193e+02
3.470424405390526317e+03 5.832677581533789635e+02
3.470445238723859802e+03 6.244982658233493567e+02
3.470466072057193287e+03 6.496670640066731721e+02
3.470486905390526317e+03 5.507106619239784777e+02
3.470507738723859802e+03 4.025488497428596020e+02
3.470528572057193287e+03 1.409037981961038895e+03
3.470549405390526317e+03 6.601508314968086779e+02
3.470570238723859802e+03 -4.343960983069846407e+02
3.470591072057193287e+03 3.524121796143008396e+02
3.470611905390526317e+03 -6.082387882249895483e+01
3.470632738723859802e+03 4.579894593755016103e+02
3.470653572057193287e+03 -1.997348708787467331e+01
3.470674405390526317e+03 -3.154276181830791757e+02
3.470695238723859802e+03 -2.172830872386693954e+02
3.470716072057193287e+03 7.013819943997077644e+01
3.470736905390526317e+03 5.950944660519016907e+02
3.470757738723859802e+03 1.413612576440209523e+02
3.470778572057193287e+03 9.616864418121986091e+02
3.470799405390526317e+03 2.311003918027272448e+02
3.470820238723859802e+03 1.335945066527929157e+02
3.470841072057193287e+03 4.221855565193109214e+02
3.470861905390526317e+03 6.569905599682824686e+02
3.470882738723859802e+03 4.743000380910234526e+02
3.470903572057193287e+03 9.845127523352857679e+02
3.470924405390526317e+03 5.374586040984140709e+02
3.470945238723859802e+03 5.038453701392281801e+02
3.470966072057193287e+03 8.580790485830511898e+02
3.470986905390526317e+03 6.339972579560708255e+02
3.471007738723859802e+03 4.847911395534174517e+02
3.471028572057193287e+03 3.386266049883561209e+02
3.471049405390526317e+03 6.402718777721747756e+01
3.471070238723859802e+03 -4.109965861334931105e+02
3.471091072057193287e+03 -3.687885885291034356e+02
3.471111905390526317e+03 -6.014238819425227121e+02
3.471132738723859802e+03 -1.073884770692093298e+02
3.471153572057193287e+03 8.188347189419437200e+02
3.471174405390526317e+03 -4.168562047122977674e+02
3.471195238723859802e+03 -3.965416718162596226e+02
3.471216072057193287e+03 -8.812056213781470433e+02
3.471236905390526317e+03 -3.933603218232747167e+01
3.471257738723859802e+03 -2.784250181444222108e+02
3.471278572057193287e+03 -1.027794424279592931e+03
3.471299405390526317e+03 -2.214753411101410165e+02
3.471320238723859802e+03 -2.733001616579713300e+02
3.471341072057193287e+03 -4.894086186883505434e+02
3.471361905390526317e+03 -1.806396484713768587e+02
3.471382738723859802e+03 -4.046427964002359658e+02
3.471403572057193287e+03 -3.805342518107499927e+01
3.471424405390526317e+03 -2.367507389222737402e+01
3.471445238723859802e+03 -2.139452704731374979e+02
3.471466072057193287e+03 -1.925121973977657035e+02
3.471486905390526317e+03 -1.447290207985788584e+02
3.471507738723859802e+03 -4.826395649086916819e+02
3.471528572057193287e+03 -2.720407430519117042e+02
3.471549405390526317e+03 -1.216734910809900612e+02
3.471570238723859802e+03 7.181829064314952120e+02
3.471591072057193287e+03 8.372083013702649623e+01
3.471611905390526317e+03 -4.145694939529057592e+02
3.471632738723859802e+03 -5.067725659848656505e+02
3.471653572057193287e+03 -6.522572383052902296e+02
3.471674405390526317e+03 -5.382034467323683202e+01
3.471695238723859802e+03 -3.733569334824569523e+02
3.471716072057193287e+03 -9.470332942702807486e+02
3.471736905390526317e+03 -3.459714921588310972e+02
3.471757738723859802e+03 -1.033066692256135866e+03
3.471778572057193287e+03 -5.814401445987168700e+02
3.471799405390526317e+03 -3.023467426609713584e+02
3.471820238723859802e+03 1.804306196678662673e+02
3.471841072057193287e+03 -1.935684462264180183e+02
3.471861905390526317e+03 -4.637800678105559200e+02
3.471882738723859802e+03 -3.653563955120043829e+02
3.471903572057193287e+03 -9.438083958171773702e+01
3.471924405390526317e+03 -3.426292444203281775e+02
3.471945238723859802e+03 4.518348108377540484e+02
3.471966072057193287e+03 -2.089525184677913785e+02
3.471986905390526317e+03 3.757099880609894171e+02
3.472007738723859802e+03 -4.322223365470999852e+02
3.472028572057193287e+03 8.678975982707925141e+00
3.472049405390526317e+03 1.228965819324366748e+01
3.472070238723859802e+03 -2.991388321837875992e+02
3.472091072057193287e+03 -2.791241115635493770e+02
3.472111905390526317e+03 6.633218641381245106e+01
3.472132738723859802e+03 -8.631014728876762092e+02
3.472153572057193287e+03 -8.298724071425385773e+01
3.472174405390526317e+03 -1.368234247209038585e+02
3.472195238723859802e+03 -7.151690590827492997e+02
3.472216072057193287e+03 -9.097451564004877582e+02
3.472236905390526317e+03 -6.375235791411250830e+01
3.472257738723859802e+03 -1.128442205020342954e+03
3.472278572057193287e+03 -8.401050459584221244e+02
3.472299405390526317e+03 -7.256329096966655925e+02
3.472320238723859802e+03 -7.611848116789478809e+02
3.472341072057193287e+03 -3.156452506735222414e+02
3.472361905390526317e+03 -4.906509584235027432e+01
3.472382738723859802e+03 -2.231350112928776070e+02
3.472403572057193287e+03 -4.446027457227464765e+02
3.472424405390526317e+03 -4.197272018640069291e+02
3.472445238723859802e+03 1.266720955132041126e+02
3.472466072057193287e+03 5.965446753634605557e+02
3.472486905390526317e+03 6.339868905383627862e+02
3.472507738723859802e+03 -4.419544772630324587e+02
3.472528572057193287e+03 -4.346971282822778448e+02
3.472549405390526317e+03 7.839336891635321081e+01
3.472570238723859802e+03 6.430617716686101630e+02
3.472591072057193287e+03 -8.140114616882055998e+02
3.472611905390526317e+03 -1.009033100191154517e+03
3.472632738723859802e+03 -2.794849304544040933e+02
3.472653572057193287e+03 -8.020146964109735563e+02
3.472674405390526317e+03 -1.918522230604430661e+02
3.472695238723859802e+03 6.996014068699441850e+02
3.472716072057193287e+03 -3.173991716238670051e+02
3.472736905390526317e+03 -2.089958972887834534e+02
3.472757738723859802e+03 -3.453144577825441957e+02
3.472778572057193287e+03 -6.876198602798394859e+02
3.472799405390526317e+03 -7.045811269922414795e+02
3.472820238723859802e+03 -4.025027918631676584e+02
3.472841072057193287e+03 -2.812745312711922452e+02
3.472861905390526317e+03 -2.732864504664903507e+02
3.472882738723859802e+03 -1.631108769435668364e+02
3.472903572057193287e+03 -6.749659830956952646e+02
3.472924405390526317e+03 -8.580379495992092416e+02
3.472945238723859802e+03 -9.020448822827311233e+02
3.472966072057193287e+03 -1.694920852083014324e+02
3.472986905390526317e+03 -1.470776469383854419e+02
3.473007738723859802e+03 -1.039003811590257101e+03
3.473028572057193287e+03 -4.236392569731688127e+02
3.473049405390526317e+03 -6.287643481387058273e+02
3.473070238723859802e+03 -4.666025044339476153e+02
3.473091072057192832e+03 -1.170241894109640270e+02
3.473111905390526317e+03 -1.688042326782597229e+02
3.473132738723859802e+03 nan
3.473153572057192832e+03 nan
3.473174405390526317e+03 nan
3.473195238723859802e+03 nan
3.473216072057192832e+03 nan
3.473236905390526317e+03 nan
3.473257738723859802e+03 nan
3.473278572057192832e+03 nan
3.473299405390526317e+03 nan
3.473320238723859802e+03 5.360210631624795496e+01
3.473341072057192832e+03 -8.574766381713561714e+01
3.473361905390526317e+03 -6.536263012527488172e+02
3.473382738723859802e+03 -8.677237826425116509e+02
3.473403572057192832e+03 6.147595211269799620e+01
3.473424405390526317e+03 -6.277685121919494122e+02
3.473445238723859802e+03 7.948209198075346649e+01
3.473466072057192832e+03 3.388545753888320178e+01
3.473486905390526317e+03 -4.173553554340032861e+02
3.473507738723859802e+03 -6.196752408344764262e+02
3.473528572057192832e+03 -1.167919448183383793e+02
3.473549405390526317e+03 -4.255114954776363447e+02
3.473570238723859802e+03 -2.047751796946395189e+02
3.473591072057192832e+03 -1.435871955206966959e+03
3.473611905390526317e+03 -1.616381740674842149e+01
3.473632738723859802e+03 -1.349392494200961664e+03
3.473653572057192832e+03 -2.177381014830898494e+02
3.473674405390526317e+03 -8.213495478631230071e+02
3.473695238723859802e+03 1.069032696262001991e+02
3.473716072057192832e+03 -5.513018671519821510e+02
3.473736905390526317e+03 1.075701559116016142e+03
3.473757738723859802e+03 1.070262548850732855e+03
3.473778572057192832e+03 -5.102204579266253859e+01
3.473799405390526317e+03 -3.600002072057686746e+02
3.473820238723859802e+03 -8.197600516816601157e+01
3.473841072057192832e+03 -5.983261458188062534e+02
3.473861905390526317e+03 -7.660579674891196191e+02
3.473882738723859802e+03 -5.030703310997923836e+02
3.473903572057192832e+03 -2.848800975066842511e+02
3.473924405390526317e+03 1.892793244253844023e+02
3.473945238723859802e+03 -2.597972698864759877e+02
3.473966072057192832e+03 -3.270405127865960822e+02
3.473986905390526317e+03 -1.021195065496489406e+03
3.474007738723859802e+03 -1.205973395029548556e+03
3.474028572057192832e+03 -1.190184351990348659e+03
3.474049405390526317e+03 -4.409356454452499747e+02
3.474070238723859802e+03 -7.563155876586679369e+02
3.474091072057192832e+03 -8.437740481555229053e+02
3.474111905390526317e+03 -6.223190247310558334e+02
3.474132738723859802e+03 -5.796863227789290249e+02
3.474153572057192832e+03 -6.537516498428303748e+02
3.474174405390526317e+03 1.228750011278316379e+01
3.474195238723859802e+03 -5.805437103608855978e+02
3.474216072057192832e+03 -4.385131012800848112e+02
3.474236905390526317e+03 -7.114189166036667302e+02
3.474257738723859802e+03 -5.526654635851737112e+02
3.474278572057192832e+03 -1.096532766183838248e+03
3.474299405390526317e+03 -8.082143920267699286e+02
3.474320238723859802e+03 -1.308125421181553975e+03
3.474341072057192832e+03 -9.201789967389777303e+01
3.474361905390526317e+03 -1.143932448705541901e+03
3.474382738723859802e+03 -2.775518975865561515e+02
3.474403572057192832e+03 -3.084506297978805378e+02
3.474424405390526317e+03 -5.631032711777370423e+02
3.474445238723859802e+03 -8.871851636664941907e+02
3.474466072057192832e+03 -4.821376958478940651e+02
3.474486905390526317e+03 -2.811185612697154284e+02
3.474507738723859802e+03 -8.598829435126390308e+01
3.474528572057192832e+03 1.255747812379850075e+02
3.474549405390526317e+03 4.041532807149924338e+02
3.474570238723859802e+03 -1.629904369650175795e+02
3.474591072057192832e+03 5.855233981972560287e+00
3.474611905390526317e+03 -1.692301140865311027e+02
3.474632738723859802e+03 3.109022277822950855e+02
3.474653572057192832e+03 7.479194850694620982e+02
3.474674405390526317e+03 3.375312003451399505e+02
3.474695238723859802e+03 1.093774782217806205e+02
3.474716072057192832e+03 5.360561333426740021e+02
3.474736905390526317e+03 9.553260256248759106e+02
3.474757738723859802e+03 1.107414598983014002e+03
3.474778572057192832e+03 3.480216533561469987e+02
3.474799405390526317e+03 4.803952809311449528e+02
3.474820238723859802e+03 2.552290089670568705e+02
3.474841072057192832e+03 9.468072421927936375e+02
3.474861905390526317e+03 -6.241723882313817739e+01
3.474882738723859802e+03 5.051606392309768125e+02
3.474903572057192832e+03 7.718572124617639929e+01
3.474924405390526317e+03 4.450223940017167479e+01
3.474945238723859802e+03 3.317372713226359338e+01
3.474966072057192832e+03 -8.361147079500369728e+00
3.474986905390526317e+03 -2.251566629158332944e+00
3.475007738723859802e+03 -3.547183782841311768e+02
3.475028572057192832e+03 4.163919272518251091e+01
3.475049405390526317e+03 -3.523478579055517912e+02
3.475070238723859802e+03 -2.170232394557679072e+02
3.475091072057192832e+03 -6.295046001061564311e+02
3.475111905390526317e+03 1.477300099533749744e+02
3.475132738723859802e+03 -4.162948321037692949e+02
3.475153572057192832e+03 -4.744879978838143870e+02
3.475174405390526317e+03 -4.231008943489287049e+02
3.475195238723859802e+03 -9.602527490572538227e+01
3.475216072057192832e+03 -1.909841096586314961e+02
3.475236905390526317e+03 -5.011649993410101160e+02
3.475257738723859802e+03 -6.938631584239192307e+01
3.475278572057192832e+03 -1.969840909547638148e+02
3.475299405390526317e+03 5.107316041496815160e+02
3.475320238723859802e+03 3.370485802453476936e+02
3.475341072057192832e+03 3.654770364984869957e+02
3.475361905390526317e+03 1.655900572475511581e+02
3.475382738723859802e+03 -2.325230607350822538e+02
3.475403572057192832e+03 3.302935271979076788e+02
3.475424405390526317e+03 -1.540095153125002980e+02
3.475445238723859802e+03 2.128511226067785174e+02
3.475466072057192832e+03 -5.655844658797141165e+02
3.475486905390526317e+03 9.122296028956770897e+02
3.475507738723859802e+03 -4.938356908306013793e+02
3.475528572057192832e+03 6.731500237085856497e+01
3.475549405390526317e+03 -1.145357775269076228e+02
3.475570238723859802e+03 -5.510432386188767850e+02
3.475591072057192832e+03 -4.262752696095267311e+02
3.475611905390526317e+03 -5.419554335309658200e+02
3.475632738723859802e+03 -5.622015726038953289e+02
3.475653572057192832e+03 2.840835604746825993e+01
3.475674405390526317e+03 -4.679869625659193844e+01
3.475695238723859802e+03 5.365010690008057281e+02
3.475716072057192832e+03 5.868519354123855010e+02
3.475736905390526317e+03 9.082734668937046081e+02
3.475757738723859347e+03 1.159077427679440007e+02
3.475778572057192832e+03 4.021014362460700795e+02
3.475799405390526317e+03 5.621181885098339990e+02
3.475820238723859347e+03 6.697765653769019991e+02
3.475841072057192832e+03 9.127706417881418020e+02
3.475861905390526317e+03 1.158555750514962710e+03
3.475882738723859347e+03 9.305340678661596030e+02
3.475903572057192832e+03 9.564525959142483771e+02
3.475924405390526317e+03 1.345569240529090166e+03
3.475945238723859347e+03 4.648002395167713985e+02
3.475966072057192832e+03 7.717166145422961563e+02
3.475986905390526317e+03 6.444601325618568808e+02
3.476007738723859347e+03 1.568094885855680332e+02
3.476028572057192832e+03 5.319374198234872892e+02
3.476049405390526317e+03 1.374104693146538921e+03
3.476070238723859347e+03 6.871922004108782858e+02
3.476091072057192832e+03 1.841611613347195089e+02
3.476111905390526317e+03 5.905868283706950024e+02
3.476132738723859347e+03 5.853899696997832507e+02
3.476153572057192832e+03 2.218421253602718934e+02
3.476174405390526317e+03 8.125668023002799600e+02
3.476195238723859347e+03 4.284337060083635151e+02
3.476216072057192832e+03 1.568470009268261492e+03
3.476236905390526317e+03 1.000934159560361877e+03
3.476257738723859347e+03 1.505690469399327412e+03
3.476278572057192832e+03 4.947452883658697829e+02
3.476299405390526317e+03 5.878985773616004735e+02
3.476320238723859347e+03 5.493024372535292059e+02
3.476341072057192832e+03 1.474507178488885984e+03
3.476361905390526317e+03 3.971204467926872894e+02
3.476382738723859347e+03 -5.244686148561304435e+02
3.476403572057192832e+03 -6.798505033637629822e+02
3.476424405390526317e+03 -5.514907317562028766e+01
3.476445238723859347e+03 -3.391345279533416033e+02
3.476466072057192832e+03 -4.223024020909797400e+02
3.476486905390526317e+03 4.838334928996628150e+02
3.476507738723859347e+03 -1.361892501575639471e+02
3.476528572057192832e+03 -4.078069882759591565e+02
3.476549405390526317e+03 -5.182460866525070742e+02
3.476570238723859347e+03 6.497248468741308898e+02
3.476591072057192832e+03 -2.170083553841104731e+02
3.476611905390526317e+03 2.738210392813198268e+02
3.476632738723859347e+03 1.347596370112150908e+02
3.476653572057192832e+03 1.541091855282429606e+02
3.476674405390526317e+03 5.324011440484318882e+02
3.476695238723859347e+03 5.832527579799061641e+02
3.476716072057192832e+03 3.331630553157301620e+02
3.476736905390526317e+03 5.910255689944606274e+02
3.476757738723859347e+03 8.607883190031861886e+02
3.476778572057192832e+03 3.680534573234617710e+02
3.476799405390526317e+03 8.196724152490496635e+02
3.476820238723859347e+03 -9.806069110054522753e+01
3.476841072057192832e+03 -2.334969050188083202e+02
3.476861905390526317e+03 5.771060328232124448e+01
3.476882738723859347e+03 3.750340222627855837e+02
3.476903572057192832e+03 -4.924578143869293854e+02
3.476924405390526317e+03 2.448193666267907247e+02
3.476945238723859347e+03 -7.977948022284545004e+01
3.476966072057192832e+03 -2.784228453189134598e+02
3.476986905390526317e+03 -3.128283082996495068e+01
3.477007738723859347e+03 -1.545629688783083111e+01
3.477028572057192832e+03 4.234276142300805077e+02
3.477049405390526317e+03 -8.825234628829639405e+01
3.477070238723859347e+03 1.951402454341296107e+02
3.477091072057192832e+03 -6.370238678483292460e+01
3.477111905390526317e+03 8.165694455930497497e+01
3.477132738723859347e+03 -4.472650877437554300e+02
3.477153572057192832e+03 -2.149095207661157474e+02
3.477174405390526317e+03 4.496824688403867185e+02
3.477195238723859347e+03 2.879159015838522464e+02
3.477216072057192832e+03 2.039180127194849774e+02
3.477236905390526317e+03 2.928097974142292514e+02
3.477257738723859347e+03 9.169165457662893459e+02
3.477278572057192832e+03 6.574678528470685706e+02
3.477299405390526317e+03 6.933618374180514365e+01
3.477320238723859347e+03 8.358657229468226433e+02
3.477341072057192832e+03 3.346669119384605438e+02
3.477361905390526317e+03 -9.675517198676243424e+01
3.477382738723859347e+03 4.473127288613468409e+02
3.477403572057192832e+03 2.543861828213557601e+02
3.477424405390526317e+03 5.958347327994415537e+02
3.477445238723859347e+03 1.049404029859346338e+03
3.477466072057192832e+03 1.082674291811417788e+01
3.477486905390526317e+03 -1.579226188273169100e+02
3.477507738723859347e+03 -2.505639857401838526e+02
3.477528572057192832e+03 1.256437435746192932e+02
3.477549405390526317e+03 2.474058153660735115e+02
3.477570238723859347e+03 2.844308223386760801e+02
3.477591072057192832e+03 9.405762308075791225e+02
3.477611905390526317e+03 -2.458663396558258682e+02
3.477632738723859347e+03 -1.930924880427774042e+02
3.477653572057192832e+03 -7.604587841915199533e+02
3.477674405390526317e+03 -3.211648703226819634e+01
3.477695238723859347e+03 -7.581001486873719841e+01
3.477716072057192832e+03 -3.142110296221217141e+02
3.477736905390526317e+03 -7.515850988627644256e+02
3.477757738723859347e+03 3.579045145690906793e+01
3.477778572057192832e+03 -4.235463011978426948e+02
3.477799405390526317e+03 -4.751292908176546916e+02
3.477820238723859347e+03 1.030688972311327234e+02
3.477841072057192832e+03 -2.042485955725423992e+02
3.477861905390526317e+03 -1.684673738630954176e+01
3.477882738723859347e+03 -1.275602865314576775e+02
3.477903572057192832e+03 -1.324678224045783281e+02
3.477924405390526317e+03 3.590205869275378063e+02
3.477945238723859347e+03 5.916381883958820254e+02
3.477966072057192832e+03 5.381366570943500847e+02
3.477986905390526317e+03 7.513601774927228689e+02
3.478007738723859347e+03 -2.432760177084710449e+02
3.478028572057192832e+03 5.813507843109546229e+02
3.478049405390526317e+03 2.996485246121883392e+02
3.478070238723859347e+03 1.520006880318978801e+02
3.478091072057192832e+03 -3.347038613317999989e+01
3.478111905390526317e+03 -3.169931521799881011e+02
3.478132738723859347e+03 -2.895239965780638158e+02
3.478153572057192832e+03 -6.377169069842202589e+02
3.478174405390526317e+03 2.349636176745407283e+02
3.478195238723859347e+03 -5.008963912551989779e+02
3.478216072057192832e+03 -2.924607853308552876e+02
3.478236905390526317e+03 8.686901126999873668e+01
3.478257738723859347e+03 5.173505488527007401e+02
3.478278572057192832e+03 5.496071899506496266e+02
3.478299405390526317e+03 3.619880979817826301e+02
3.478320238723859347e+03 -9.266164367774035782e+01
3.478341072057192832e+03 -1.752859273734502494e+02
3.478361905390526317e+03 -3.711841868843184784e+02
3.478382738723859347e+03 8.768476025003474206e+01
3.478403572057192832e+03 -2.450258916179882362e+02
3.478424405390525862e+03 -3.112767479285830632e+02
3.478445238723859347e+03 -8.312356814963277429e+02
3.478466072057192832e+03 -1.022755891815526411e+03
3.478486905390525862e+03 -1.025707232496584766e+03
3.478507738723859347e+03 -4.738292073104530573e+02
3.478528572057192832e+03 -1.223481126178638078e+03
3.478549405390525862e+03 -9.304826274296501651e+02
3.478570238723859347e+03 -2.840161009666044265e+02
3.478591072057192832e+03 -6.242544842879287899e+02
3.478611905390525862e+03 -3.049502713241381571e+02
3.478632738723859347e+03 -3.974116415665484965e+02
3.478653572057192832e+03 -3.345690884955693036e+02
3.478674405390525862e+03 -1.244673644192516804e+01
3.478695238723859347e+03 7.788822301896288991e+01
3.478716072057192832e+03 4.917285607114899904e+02
3.478736905390525862e+03 4.759753673233790323e+02
3.478757738723859347e+03 4.162979682658333331e+02
3.478778572057192832e+03 8.461229049438843504e+02
3.478799405390525862e+03 2.120444503009784967e+02
3.478820238723859347e+03 7.275384842468192801e+02
3.478841072057192832e+03 7.808295809408882633e+02
3.478861905390525862e+03 4.758422235932666808e+02
3.478882738723859347e+03 4.690095549639081582e+02
3.478903572057192832e+03 -6.500020489693852141e+02
3.478924405390525862e+03 -4.705834244275465608e+02
3.478945238723859347e+03 -6.588781300863483921e+02
3.478966072057192832e+03 -5.029958551833406091e+02
3.478986905390525862e+03 -4.905673504384467378e+02
3.479007738723859347e+03 -5.880950679121306166e+02
3.479028572057192832e+03 5.576401319999713451e+02
3.479049405390525862e+03 2.485440554619999602e+02
3.479070238723859347e+03 -1.616282742557814345e+02
3.479091072057192832e+03 5.519017733816290274e+02
3.479111905390525862e+03 1.618972943179542199e+02
3.479132738723859347e+03 2.802814152176724747e+02
3.479153572057192832e+03 4.091077439739601687e+02
3.479174405390525862e+03 2.924082308474462479e+02
3.479195238723859347e+03 6.681155185832176358e+02
3.479216072057192832e+03 -2.263331867128144950e+02
3.479236905390525862e+03 -1.699766483829589561e+02
3.479257738723859347e+03 -4.217352496947860345e+02
3.479278572057192832e+03 -1.408359804183710366e+02
3.479299405390525862e+03 3.897220221173483878e+01
3.479320238723859347e+03 -3.310354076432995498e+02
3.479341072057192832e+03 -1.671785666234791279e+01
3.479361905390525862e+03 9.795429864234756678e+01
3.479382738723859347e+03 8.825537971139419824e+01
3.479403572057192832e+03 4.085329360634787008e+02
3.479424405390525862e+03 1.990119011402130127e+02
3.479445238723859347e+03 -3.247549188811099157e+02
3.479466072057192832e+03 -9.829814266943139955e+02
3.479486905390525862e+03 5.759993503614095971e+02
3.479507738723859347e+03 -5.220041334179695696e+02
3.479528572057192832e+03 4.695629514928441495e+01
3.479549405390525862e+03 7.938731097271665931e+02
3.479570238723859347e+03 1.754238659973489121e+02
3.479591072057192832e+03 2.035331136961467564e+02
3.479611905390525862e+03 1.895065085808746517e+02
3.479632738723859347e+03 -5.324217977678636089e+02
3.479653572057192832e+03 -2.844956036555813625e+02
3.479674405390525862e+03 -4.076729994954075664e+01
