1.842533447265625000e+03 -6.604553721263073385e+01
1.842554260253906250e+03 9.580122426906600595e+02
1.842575134277343750e+03 7.257340998688014224e+02
1.842595947265625000e+03 1.318749516520183533e+03
1.842616760253906250e+03 1.174265369488159195e+03
1.842637634277343750e+03 -1.183162982226349413e+02
1.842658447265625000e+03 9.470151330648222938e+02
1.842679260253906250e+03 1.100175996893085539e+01
1.842700134277343750e+03 5.709119459473295137e+02
1.842720947265625000e+03 3.325996593221789226e+02
1.842741760253906250e+03 3.906878033103421330e+02
1.842762634277343750e+03 2.305426514965947717e+02
1.842783447265625000e+03 -1.099056331624742597e+02
1.842804260253906250e+03 4.147897120148409158e+02
1.842825134277343750e+03 -5.552943417569622397e-01
1.842845947265625000e+03 1.440221248941961676e+02
1.842866760253906250e+03 -5.313436490448657423e+01
1.842887634277343750e+03 -2.322453247181838378e+02
1.842908447265625000e+03 3.615281242221826687e+02
1.842929260253906250e+03 -3.433338677037972957e+02
1.842950134277343750e+03 -9.089628739524632692e+02
1.842970947265625000e+03 1.257645377769367769e+02
1.842991760253906250e+03 7.531579398573376238e+01
1.843012634277343750e+03 6.075666348915547132e+00
1.843033447265625000e+03 -2.211486406298354268e+01
1.843054260253906250e+03 6.038733065385604277e+02
1.843075134277343750e+03 1.642491196850314736e+02
1.843095947265625000e+03 4.286113144317641854e+02
1.843116760253906250e+03 2.528746390645392239e+02
1.843137634277343750e+03 4.463749767119297758e+02
1.843158447265625000e+03 6.263719030043575913e+02
1.843179260253906250e+03 1.512820090375607833e+02
1.843200134277343750e+03 2.131293817593250424e+02
1.843220947265625000e+03 2.025923354343976825e+02
1.843241760253906250e+03 -3.258729045607615262e+02
1.843262634277343750e+03 8.296853083120658994e+02
1.843283447265625000e+03 3.991372031742939726e+02
1.843304260253906250e+03 3.813130115192616358e+02
1.843325134277343750e+03 1.749616336784092709e+02
1.843345947265625000e+03 7.902521255015162751e+02
1.843366760253906250e+03 -5.126590108955278993e+02
1.843387634277343750e+03 -2.802228804823243991e+02
1.843408447265625000e+03 -1.662349541919538751e+02
1.843429260253906250e+03 4.826303683560108766e+02
1.843450134277343750e+03 8.025620478496421129e+01
1.843470947265625000e+03 8.896458201378118247e+01
1.843491760253906250e+03 1.151204677142668515e+02
1.843512634277343750e+03 -1.575118223524186760e+02
1.843533447265625000e+03 8.834613311254652217e+02
1.843554260253906250e+03 -4.729219378629932180e+02
1.843575134277343750e+03 3.288144197192741558e+02
1.843595947265625000e+03 -7.946579576063668355e+02
1.843616760253906250e+03 -3.447031320963287726e+02
1.843637634277343750e+03 4.417699474215041846e+02
1.843658447265625000e+03 -5.688572304323315620e+01
1.843679260253906250e+03 -4.473396856526378542e+02
1.843700134277343750e+03 -2.157408070411765948e+02
1.843720947265625000e+03 -5.070393625404685736e+02
1.843741760253906250e+03 -1.009096042675664648e+02
1.843762634277343750e+03 -5.080398782620904967e+02
1.843783447265625000e+03 -5.399096899506403133e+02
1.843804260253906250e+03 3.260616007854696363e+01
1.843825134277343750e+03 -4.002600449314340949e+02
1.843845947265625000e+03 2.969004861285211518e+02
1.843866760253906250e+03 -6.519892014112556353e+02
1.843887634277343750e+03 -8.236502716382965446e+02
1.843908447265625000e+03 -6.136984766502864659e+02
1.843929260253906250e+03 2.427564875341486186e+02
1.843950134277343750e+03 -2.771128201805986464e+02
1.843970947265625000e+03 -3.212224216461181641e+02
1.843991760253906250e+03 -4.217763356362702325e+02
1.844012634277343750e+03 1.256541557593736798e+02
1.844033447265625000e+03 -6.303423641982953995e+01
1.844054260253906250e+03 -3.467151161046931520e+02
1.844075134277343750e+03 1.938692608139244840e+02
1.844095947265625000e+03 3.989755325426813215e+02
1.844116760253906250e+03 -2.712989999809069559e+02
1.844137634277343750e+03 -9.675139830431435257e+02
1.844158447265625000e+03 -6.835752295486163348e+02
1.844179260253906250e+03 1.565162591128610075e+02
1.844200134277343750e+03 -6.518499664204427972e+02
1.844220947265625000e+03 -3.646712009313050658e+02
1.844241760253906250e+03 2.497315152257215232e+01
1.844262634277343750e+03 -6.491581544490763918e+02
1.844283447265625000e+03 -1.055646022246219218e+02
1.844304260253906250e+03 6.487004789430648088e+01
1.844325134277343750e+03 -3.149057320869760588e+02
1.844345947265625000e+03 1.228814553115516901e+02
1.844366760253906250e+03 -4.122762150962371379e+02
1.844387634277343750e+03 -8.807991716058459133e+02
1.844408447265625000e+03 -4.475164181706495583e+02
1.844429260253906250e+03 -7.518705476855393499e+01
1.844450134277343750e+03 -4.417274764745961875e+02
1.844470947265625000e+03 3.495166548989946023e+02
1.844491760253906250e+03 5.089145542882615700e+02
1.844512634277343750e+03 3.415334021730814129e+01
1.844533447265625000e+03 1.436127232948783785e+02
1.844554260253906250e+03 -1.978569455645047128e+02
1.844575134277343750e+03 1.198372128554154187e+03
1.844595947265625000e+03 4.024376664613373578e+02
1.844616760253906250e+03 7.323931773126823828e+02
1.844637634277343750e+03 5.798911667442880571e+02
1.844658447265625000e+03 4.697648263250011951e+02
1.844679260253906250e+03 1.036110443789511919e+03
1.844700134277343750e+03 1.497433964297175407e+03
1.844720947265625000e+03 2.240456308454740793e+02
1.844741760253906250e+03 2.248843600974651054e+02
1.844762634277343750e+03 3.641892300302861258e+02
1.844783447265625000e+03 -3.168683515315642580e+02
1.844804260253906250e+03 7.615621660378528759e+02
1.844825134277343750e+03 4.227747575961984694e+02
1.844845947265625000e+03 5.675851027822354808e+02
1.844866760253906250e+03 -2.122354287514463067e+01
1.844887634277343750e+03 1.013245223237900063e+02
1.844908447265625000e+03 1.151605162312276661e+03
1.844929260253906250e+03 5.798076865269104019e+02
1.844950134277343750e+03 2.248397242648061365e+02
1.844970947265625000e+03 9.521037877650232986e+02
1.844991760253906250e+03 2.921869053337723017e+02
1.845012634277343750e+03 5.864119257965357974e+02
1.845033447265625000e+03 -6.466522224027430639e+02
1.845054260253906250e+03 -2.842877822809386998e+02
1.845075134277343750e+03 1.022798921912908554e+01
1.845095947265625000e+03 -5.302861481066793203e+01
1.845116760253906250e+03 -1.901145550593500957e+02
1.845137634277343750e+03 3.607472457038238645e+01
1.845158447265625000e+03 1.003414131948375143e+03
1.845179260253906250e+03 4.052910633652936667e+01
1.845200134277343750e+03 5.804013047245098278e+02
1.845220947265625000e+03 1.927360222554998472e+02
1.845241760253906250e+03 3.829266899737995118e+02
1.845262634277343750e+03 3.241418588282540441e+02
1.845283447265625000e+03 -2.175060077302623540e+01
1.845304260253906250e+03 3.614115701219998300e+01
1.845325134277343750e+03 6.986528277886100113e+02
1.845345947265625000e+03 7.246176658176118508e+02
1.845366760253906250e+03 7.427020367642398924e+01
1.845387634277343750e+03 6.439543649803381413e+02
1.845408447265625000e+03 -8.426251992759061977e+02
1.845429260253906250e+03 -9.964809928031172603e+01
1.845450134277343750e+03 -3.370979854022152722e+01
1.845470947265625000e+03 -6.168701618170598522e+02
1.845491760253906250e+03 2.959952894728630781e+02
1.845512634277343750e+03 -8.357697976124472916e+01
1.845533447265625000e+03 -6.047596992251928896e+02
1.845554260253906250e+03 -4.033724364506779239e+02
1.845575134277343750e+03 -1.056626188865047880e+03
1.845595947265625000e+03 -2.093944845593068749e+01
1.845616760253906250e+03 2.660938834899570793e+01
1.845637634277343750e+03 -5.604406571435974911e+02
1.845658447265625000e+03 7.021744913005968556e+02
1.845679260253906250e+03 2.572862966340035200e+02
1.845700134277343750e+03 4.188668676398228854e+02
1.845720947265625000e+03 1.857182685117004439e+02
1.845741760253906250e+03 3.206981454001506791e+02
1.845762634277343750e+03 -7.035641104853712022e+02
1.845783447265625000e+03 -5.288667663255473599e+02
1.845804260253906250e+03 -3.034475198647705838e+02
1.845825134277343750e+03 -3.191978487018495798e+02
1.845845947265625000e+03 2.151278844905318692e+02
1.845866760253906250e+03 -8.074955352306133136e+02
1.845887634277343750e+03 2.212035235366784036e+00
1.845908447265625000e+03 -1.491758244700031355e+02
1.845929260253906250e+03 2.298909609437687322e+02
1.845950134277343750e+03 8.643295126734301448e+01
1.845970947265625000e+03 -2.171914839473320171e+02
1.845991760253906250e+03 -2.177360235243104398e+02
1.846012634277343750e+03 -6.846526150383288041e+02
1.846033447265625000e+03 -4.205008963121799752e+02
1.846054260253906250e+03 3.933536985747050494e+02
1.846075073242187500e+03 6.505258009800454602e+02
1.846095947265625000e+03 -9.037679840855998918e+02
1.846116760253906250e+03 -7.164224724039668217e+02
1.846137573242187500e+03 -7.226074418267235160e+02
1.846158386230468750e+03 -3.351852335641160607e+01
1.846179260253906250e+03 -4.488329056375660002e+02
1.846200073242187500e+03 7.679035134729929268e+00
1.846220886230468750e+03 -7.272032535274047405e+02
1.846241760253906250e+03 -6.454933428162476048e+02
1.846262573242187500e+03 -6.345040064550703391e+02
1.846283386230468750e+03 -8.018027457364369184e+02
1.846304260253906250e+03 9.430769039655569941e+01
1.846325073242187500e+03 -6.279584049596451223e+01
1.846345886230468750e+03 -3.709348655453650281e+02
1.846366760253906250e+03 -4.590629787328653038e+02
1.846387573242187500e+03 -6.258109455043449998e+01
1.846408386230468750e+03 -4.889933858504518867e+02
1.846429260253906250e+03 -3.046194355813786387e+02
1.846450073242187500e+03 6.787098321715602651e+02
1.846470886230468750e+03 6.697583837232086807e+02
1.846491760253906250e+03 4.704747386198723689e+02
1.846512573242187500e+03 2.791659698379226029e+02
1.846533386230468750e+03 6.891194328523706645e+02
1.846554260253906250e+03 -8.904467576383613050e+02
1.846575073242187500e+03 -3.318051023583393544e+02
1.846595886230468750e+03 -2.683583456896012649e+02
1.846616760253906250e+03 -3.892658166877226904e+02
1.846637573242187500e+03 -2.442104869643226266e+02
1.846658386230468750e+03 3.094293441195040941e+02
1.846679260253906250e+03 -3.967460731810424477e+02
1.846700073242187500e+03 -1.302910763870459050e+02
1.846720886230468750e+03 -1.584049794604070485e+02
1.846741760253906250e+03 -3.747852937245042995e+02
1.846762573242187500e+03 -1.250121806977083907e+03
1.846783386230468750e+03 -7.692508961606072262e+02
1.846804260253906250e+03 4.907598014548420906e+01
1.846825073242187500e+03 -3.847448001812445000e+02
1.846845886230468750e+03 1.621900396631099284e+01
1.846866760253906250e+03 4.148378318338654935e+02
1.846887573242187500e+03 -2.289784485826967284e+02
1.846908386230468750e+03 7.115665165035752580e+02
1.846929260253906250e+03 -6.522221207292750478e+01
1.846950073242187500e+03 -1.623731626287335530e+02
1.846970886230468750e+03 -9.280178979977499694e+02
1.846991760253906250e+03 -5.344573289271211252e+02
1.847012573242187500e+03 2.740925886948825791e+02
1.847033386230468750e+03 -3.746210300853708759e+02
1.847054260253906250e+03 2.126520038425223902e+02
1.847075073242187500e+03 3.453328181604156271e+02
1.847095886230468750e+03 3.500041596654336900e+02
1.847116760253906250e+03 3.482996560296742246e+02
1.847137573242187500e+03 1.564720779890194535e+01
1.847158386230468750e+03 -5.404644664733204991e+02
1.847179260253906250e+03 -2.216854909412795678e+02
1.847200073242187500e+03 -9.887628666064701974e+02
1.847220886230468750e+03 -5.079320556963793933e+02
1.847241760253906250e+03 -5.168905035988427699e+02
1.847262573242187500e+03 -2.570515994679881260e+02
1.847283386230468750e+03 5.687256627493770793e+02
1.847304260253906250e+03 -1.133353667609626427e+02
1.847325073242187500e+03 4.288758044394198805e+02
1.847345886230468750e+03 1.376557388576562516e+03
1.847366760253906250e+03 1.621552613740903325e+03
1.847387573242187500e+03 1.071917203319841065e+03
1.847408386230468750e+03 1.655472068165545352e+03
1.847429219563802008e+03 1.070302926737815142e+03
1.847450073242187500e+03 4.846255945407319814e+02
1.847470886230468750e+03 1.351540081689483486e+03
1.847491760253906250e+03 1.186044542073621415e+03
1.847512573242187500e+03 4.004919275018619373e+02
1.847533386230468750e+03 3.283599923874717206e+02
1.847554260253906250e+03 3.275271688953507692e+02
1.847575073242187500e+03 -8.171496464544907212e+02
1.847595886230468750e+03 5.457256741378223523e+02
1.847616760253906250e+03 2.270086956765735522e+02
1.847637573242187500e+03 -1.547364170432556421e+02
1.847658386230468750e+03 6.886376105298986658e+02
1.847679260253906250e+03 3.617071604648372158e+02
1.847700073242187500e+03 8.172922230140538886e+02
1.847720886230468750e+03 -1.732098934228997678e+02
1.847741760253906250e+03 4.316469609239138663e+02
1.847762573242187500e+03 1.139831010775989853e+03
1.847783386230468750e+03 -1.587756798333721235e+02
1.847804260253906250e+03 3.498964788033626974e+02
1.847825073242187500e+03 1.421833934409078211e+02
1.847845886230468750e+03 9.818079104830976576e+02
1.847866760253906250e+03 -2.854625287988455966e+02
1.847887573242187500e+03 7.058991595869883895e+00
1.847908386230468750e+03 -9.758051947091007605e+02
1.847929219563802008e+03 -7.837868355229729787e+02
1.847950073242187500e+03 -5.916361339767463505e+02
1.847970886230468750e+03 -1.467410635317210108e+02
1.847991760253906250e+03 -5.911629843602422625e+02
1.848012573242187500e+03 -4.733427331475540996e+02
1.848033386230468750e+03 -6.950215489709516987e+02
1.848054260253906250e+03 -4.568715473089832813e+02
1.848075073242187500e+03 -2.554530039513483644e+02
1.848095886230468750e+03 9.075924949598265812e+02
1.848116760253906250e+03 5.481912634219042957e+01
1.848137573242187500e+03 1.831431940568145365e+02
1.848158386230468750e+03 3.989445865587331355e+02
1.848179260253906250e+03 -2.636833659254480153e+02
1.848200073242187500e+03 8.666552914271596819e+01
1.848220886230468750e+03 -4.406005841599544510e+02
1.848241760253906250e+03 -6.368548050627578050e+01
1.848262573242187500e+03 1.067444476105738431e+02
1.848283386230468750e+03 -5.739991942076012492e+02
1.848304260253906250e+03 -5.676443203900707886e+02
1.848325073242187500e+03 -8.225737554867519066e+02
1.848345886230468750e+03 -1.128877557852305472e+03
1.848366760253906250e+03 -1.473869150194805115e+03
1.848387573242187500e+03 -5.877900480774696916e+02
1.848408386230468750e+03 -4.473840652082581073e+02
1.848429260253906250e+03 4.326520734303630888e+01
1.848450073242187500e+03 -5.482831035644048825e+02
1.848470886230468750e+03 -5.610171871583443135e+02
1.848491760253906250e+03 -1.941494562188163400e+02
1.848512573242187500e+03 -1.049109892542706802e+03
1.848533386230468750e+03 -2.479886736103799194e+02
1.848554260253906250e+03 -4.925628886924823746e+02
1.848575073242187500e+03 -4.207532704258337617e+02
1.848595886230468750e+03 -5.313380403583869338e+02
1.848616760253906250e+03 -3.653667895765975118e+02
1.848637573242187500e+03 -5.567843086021021008e+02
1.848658386230468750e+03 4.458535253955051303e+01
1.848679260253906250e+03 4.139905386777827516e+02
1.848700073242187500e+03 -3.966180102465441450e+02
1.848720886230468750e+03 4.783683267914457247e+02
1.848741760253906250e+03 1.444886329527944326e+02
1.848762573242187500e+03 -2.006017721344251186e+02
1.848783386230468750e+03 2.338842481765896082e+02
1.848804260253906250e+03 7.616467374545754865e+02
1.848825073242187500e+03 8.980718300177250057e+02
1.848845886230468750e+03 5.923762193532893434e+02
1.848866760253906250e+03 5.029634547273162752e+02
1.848887573242187500e+03 9.735937194467987865e+01
1.848908386230468750e+03 4.893959667948074639e+02
1.848929260253906250e+03 6.746593384842853993e+02
1.848950073242187500e+03 -2.236819095000391826e+02
1.848970886230468750e+03 1.217456523193977773e+02
1.848991760253906250e+03 -2.892408749524038285e+02
1.849012573242187500e+03 -1.044353721829713322e+03
1.849033386230468750e+03 1.638210353108588606e+02
1.849054260253906250e+03 -2.121976945630740374e+02
1.849075073242187500e+03 -9.371500072779599577e+01
1.849095886230468750e+03 -1.689377904457505792e+02
1.849116760253906250e+03 -2.338241876343963668e+02
1.849137573242187500e+03 -4.003655499913729727e+02
1.849158386230468750e+03 -4.008929435665486380e+02
1.849179260253906250e+03 2.931029413213254884e+02
1.849200073242187500e+03 -8.403626368914265186e+02
1.849220886230468750e+03 -4.333929734316188842e+02
1.849241760253906250e+03 -5.722078168242005631e+02
1.849262573242187500e+03 -9.928670250739669427e+02
1.849283386230468750e+03 -5.404996881296392530e+02
1.849304260253906250e+03 -5.095607172362506390e+02
1.849325073242187500e+03 1.132774955005152151e+02
1.849345886230468750e+03 -6.733337774097453803e+02
1.849366760253906250e+03 -6.591984091654885560e+02
1.849387573242187500e+03 -4.064030683867167681e+02
1.849408386230468750e+03 -5.353290141401812434e+02
1.849429260253906250e+03 -2.650519873829325661e+02
1.849450073242187500e+03 -9.935313309089979157e+02
1.849470886230468750e+03 -6.775366431333823130e+02
1.849491760253906250e+03 -3.809781103553250432e+02
1.849512573242187500e+03 1.408850607054773718e+02
1.849533386230468750e+03 -2.441478311032988131e+02
1.849554260253906250e+03 2.922477656046394259e+02
1.849575073242187500e+03 5.864358881429070607e+02
1.849595886230468750e+03 3.259515871823532507e+02
1.849616760253906250e+03 2.297267855805112049e+02
1.849637573242187500e+03 2.918213116537081078e+02
1.849658386230468750e+03 4.918191647751955315e+02
1.849679260253906250e+03 4.429730089441873133e+02
1.849700073242187500e+03 -4.605776436611777171e+02
1.849720886230468750e+03 1.072871786242001690e+03
1.849741760253906250e+03 -2.107663557728519663e+02
1.849762573242187500e+03 6.594680656353011727e+01
1.849783386230468750e+03 2.963991849636659026e+01
1.849804260253906250e+03 -9.448376883181044832e+02
1.849825073242187500e+03 2.199479711838066578e+02
1.849845886230468750e+03 1.678584072752855718e+02
1.849866760253906250e+03 -9.361110480059869587e+02
1.849887573242187500e+03 1.822097468504216522e+01
1.849908386230468750e+03 -7.134602004213957116e+02
1.849929260253906250e+03 -8.020885568590601906e+02
1.849950073242187500e+03 1.262083045400213450e+02
1.849970886230468750e+03 2.354714161485899240e+02
1.849991760253906250e+03 3.793907764554023743e+01
1.850012573242187500e+03 8.432727169399149716e+02
1.850033386230468750e+03 1.050549962021992542e+03
1.850054260253906250e+03 2.738728761620586738e+02
1.850075073242187500e+03 3.365018343777628615e+02
1.850095886230468750e+03 3.780428416188806295e+01
1.850116760253906250e+03 8.952507776592392474e+01
1.850137573242187500e+03 -3.519365295593161136e+02
1.850158386230468750e+03 -1.389697667660657316e+02
1.850179260253906250e+03 -2.832597774388268590e+02
1.850200073242187500e+03 -3.058224517775233835e+02
1.850220886230468750e+03 -1.597367454625200480e+02
1.850241760253906250e+03 -2.702804821948520839e+02
1.850262573242187500e+03 -1.330387148286681622e+02
1.850283386230468750e+03 -1.380005427658325061e+02
1.850304260253906250e+03 5.451575073900166899e+02
1.850325073242187500e+03 -5.079543827471788973e+02
1.850345886230468750e+03 2.046969160384032875e+02
1.850366760253906250e+03 6.270496949636144564e+02
1.850387573242187500e+03 4.792600121088325977e+02
1.850408386230468750e+03 7.512764729069313034e+02
1.850429260253906250e+03 2.941660822984995320e+02
1.850450073242187500e+03 5.867818853917997330e+02
1.850470886230468750e+03 1.607312846111599356e+02
1.850491760253906250e+03 9.611318854312412441e+01
1.850512573242187500e+03 -1.048589234537561424e+03
1.850533386230468750e+03 9.041612240043468773e+01
1.850554260253906250e+03 8.589581485332455486e+02
1.850575073242187500e+03 -2.627847802554024383e+02
1.850595886230468750e+03 -4.322303657185984775e+02
1.850616760253906250e+03 -5.609448890708154067e+02
1.850637573242187500e+03 3.716060820674756542e+02
1.850658386230468750e+03 4.512943194832187146e+02
1.850679260253906250e+03 1.239394885216956027e+03
1.850700073242187500e+03 1.862063323116162792e+02
1.850720886230468750e+03 5.256136403022101149e+02
1.850741760253906250e+03 -6.258360270387493074e+01
1.850762573242187500e+03 1.089055119172204286e+03
1.850783386230468750e+03 5.503222561692818999e+02
1.850804260253906250e+03 6.216912383432500064e+02
1.850825073242187500e+03 3.513707503369078040e+02
1.850845886230468750e+03 4.921820862266467884e+02
1.850866760253906250e+03 -2.207691796516301110e+02
1.850887573242187500e+03 4.803744996408931911e+02
1.850908386230468750e+03 -3.345813917969353497e+02
1.850929260253906250e+03 4.320122908626217395e+01
1.850950073242187500e+03 9.335255244827130809e+02
1.850970886230468750e+03 1.837766475143143907e+02
1.850991760253906250e+03 4.827327357091708109e+02
1.851012573242187500e+03 5.593470755470916629e+02
1.851033386230468750e+03 4.522805285000940785e+02
1.851054260253906250e+03 8.673415063662687317e+02
1.851075073242187500e+03 9.569476262873504311e+02
1.851095886230468750e+03 6.452731689992360771e+02
1.851116760253906250e+03 -1.391217662052949890e+02
1.851137573242187500e+03 -2.148698488782392815e+02
1.851158386230468750e+03 6.086991062338929623e+02
1.851179199218750000e+03 2.834421881230082363e+02
1.851200012207031250e+03 -3.973876365676987916e+02
1.851220886230468750e+03 4.418817188311368227e+01
1.851241699218750000e+03 -2.574169567784992978e+02
1.851262512207031250e+03 -6.692348079257644713e+02
1.851283386230468750e+03 -4.090636633317917585e+02
1.851304199218750000e+03 -2.984706339357653633e+02
1.851325012207031250e+03 -2.987319924229523167e+02
1.851345886230468750e+03 3.859066811505472288e+02
1.851366699218750000e+03 4.073589394106529653e+02
1.851387512207031250e+03 3.200309531284729019e+02
1.851408386230468750e+03 -1.937221383452415466e+02
1.851429199218750000e+03 7.707860710740787908e+02
1.851450012207031250e+03 -4.839080991584341973e+02
1.851470886230468750e+03 5.734822317155776545e+02
1.851491699218750000e+03 -6.506860404261387885e+02
1.851512512207031250e+03 -6.287213465381646529e+02
1.851533386230468750e+03 1.964228831243235618e+01
1.851554199218750000e+03 3.947410539697157219e+02
1.851575012207031250e+03 -8.234797325460240245e+02
1.851595886230468750e+03 -4.201925585357239470e+02
1.851616699218750000e+03 -7.889964805494528264e+02
1.851637512207031250e+03 2.842289434756385162e+02
1.851658386230468750e+03 2.257358755719615147e+02
1.851679199218750000e+03 2.397515583543572575e+02
1.851700012207031250e+03 4.115787172100972384e+02
1.851720886230468750e+03 6.481243651974946260e+02
1.851741699218750000e+03 4.309724507558858022e+02
1.851762512207031250e+03 9.679300403437810019e+02
1.851783386230468750e+03 6.982370295516448095e+02
1.851804199218750000e+03 6.432919359591323882e+01
1.851825012207031250e+03 2.765949716023169458e+01
1.851845886230468750e+03 5.853859300517942756e+02
1.851866699218750000e+03 6.472209514759015292e+02
1.851887512207031250e+03 2.478961518630385399e+02
1.851908386230468750e+03 6.475128986694617197e+02
1.851929199218750000e+03 3.948177232386078686e+02
1.851950012207031250e+03 1.328366154053248465e+03
1.851970886230468750e+03 1.357380467748153023e+03
1.851991699218750000e+03 4.019269916387274861e+02
1.852012512207031250e+03 7.716293055303394794e+02
1.852033386230468750e+03 1.110586563637480140e+03
1.852054199218750000e+03 9.363305344904074445e+02
1.852075012207031250e+03 2.040551110457163304e+02
1.852095886230468750e+03 5.322856880285544321e+02
1.852116699218750000e+03 9.820591524569317698e+01
1.852137512207031250e+03 -7.348566355503862724e+02
1.852158386230468750e+03 3.582759360463824123e+02
1.852179199218750000e+03 1.138942837086506188e+02
1.852200012207031250e+03 -2.822441084363963455e+02
1.852220886230468750e+03 -7.041690021459944546e+02
1.852241699218750000e+03 2.378502994397422299e+02
1.852262512207031250e+03 -3.241749995717545971e+02
1.852283386230468750e+03 -2.783558423594804481e+02
1.852304199218750000e+03 -1.836801086005289108e+01
1.852325012207031250e+03 1.657191337598487735e+02
1.852345886230468750e+03 4.686598610786022618e+02
1.852366699218750000e+03 8.010008898791857064e+02
1.852387512207031250e+03 6.926932155946269631e+01
1.852408386230468750e+03 9.390510740678291768e+01
1.852429199218750000e+03 4.153871023890096694e+02
1.852450012207031250e+03 -5.042512759732780978e+02
1.852470886230468750e+03 -6.485862429476110265e+02
1.852491699218750000e+03 -5.021530163959832862e+02
1.852512512207031250e+03 -4.038837012951262295e+00
1.852533386230468750e+03 -2.083350151175400242e+02
1.852554199218750000e+03 -4.084455899045569822e+02
1.852575012207031250e+03 -3.253858380548190325e+02
1.852595886230468750e+03 -1.511927037526620552e+02
1.852616699218750000e+03 3.859311470282264054e+02
1.852637512207031250e+03 3.606379591949516907e+02
1.852658386230468750e+03 2.455891900752903894e+02
1.852679199218750000e+03 1.762906079867389053e+01
1.852700012207031250e+03 3.773401683685369790e+02
1.852720886230468750e+03 6.056099263814976439e+02
1.852741699218750000e+03 5.189277825459139422e+02
1.852762512207031250e+03 -3.581041529289213941e+02
1.852783386230468750e+03 5.023295152455102652e+02
1.852804199218750000e+03 -2.481407909715780988e+02
1.852825012207031250e+03 9.853345446353778243e+02
1.852845886230468750e+03 6.435841312347911298e+02
1.852866699218750000e+03 2.193622244304278865e+02
1.852887512207031250e+03 1.186687082204618491e+03
1.852908386230468750e+03 7.704705890058539808e+01
1.852929199218750000e+03 3.965486489174654707e+02
1.852950012207031250e+03 6.804336455548182130e+02
1.852970886230468750e+03 5.171715965576004237e+01
1.852991699218750000e+03 5.062416979096597061e+02
1.853012512207031250e+03 -4.519111223717918620e+02
1.853033386230468750e+03 -7.845328476476715878e+02
1.853054199218750000e+03 -5.333377362970495597e+02
1.853075012207031250e+03 -1.455912030083127320e+02
1.853095886230468750e+03 -7.792402483241166919e+02
1.853116699218750000e+03 -2.175320674971444532e+02
1.853137512207031250e+03 -9.728892958874348551e+01
1.853158386230468750e+03 1.907692369851283729e+02
1.853179199218750000e+03 5.075067637150641531e+01
1.853200012207031250e+03 1.083834667133633047e+02
1.853220886230468750e+03 4.650330758346244693e+02
1.853241699218750000e+03 -2.611158937389263883e+02
1.853262512207031250e+03 1.020874979270156473e+02
1.853283386230468750e+03 -2.249677306704688817e+01
1.853304219563802008e+03 1.063686407338827848e+02
1.853325012207031250e+03 2.350029824199154973e+02
1.853345886230468750e+03 -1.858005339151713997e+02
1.853366699218750000e+03 -1.517426537502324209e+02
1.853387512207031250e+03 2.971383263686439022e+02
1.853408386230468750e+03 -6.196803274855483323e+02
1.853429199218750000e+03 -5.126804347366560251e+02
1.853450012207031250e+03 -1.190810327038518153e+03
1.853470886230468750e+03 -7.263301160681294277e+02
1.853491699218750000e+03 -1.180475495198392309e+03
1.853512512207031250e+03 -1.266757501365849748e+03
1.853533386230468750e+03 -1.178585240910295397e+03
1.853554199218750000e+03 -1.546756750295055099e+03
1.853575012207031250e+03 -1.366647356183151715e+03
1.853595886230468750e+03 -5.476412772720213979e+02
1.853616699218750000e+03 -5.086665917896898463e+02
1.853637512207031250e+03 -5.110203443368664011e+02
1.853658386230468750e+03 -5.503590420217951760e+02
1.853679199218750000e+03 -3.088308477496029809e+02
1.853700012207031250e+03 -2.995713077859254554e+02
1.853720886230468750e+03 -8.789940633429214358e+02
1.853741699218750000e+03 -3.113901846209773794e+02
1.853762512207031250e+03 5.767944734252523631e+02
1.853783386230468750e+03 5.807343503156444058e+02
1.853804199218750000e+03 2.230489490987965837e+02
1.853825012207031250e+03 1.334099766002036631e+02
1.853845886230468750e+03 7.833593676033196971e+02
1.853866699218750000e+03 8.390202709141885862e+02
1.853887512207031250e+03 -3.550131595465354621e+02
1.853908386230468750e+03 4.714831374816130847e+02
1.853929199218750000e+03 9.085164345580851659e+02
1.853950012207031250e+03 -5.822720191825646907e+02
1.853970886230468750e+03 -2.578877801122143865e+02
1.853991699218750000e+03 -5.118367372343782336e+02
1.854012512207031250e+03 -6.759426941362908110e+02
1.854033386230468750e+03 2.971371874898904935e+02
1.854054199218750000e+03 -6.912466490542283282e+02
1.854075012207031250e+03 2.195331385809695348e+02
1.854095886230468750e+03 -6.401027183168334886e+02
1.854116699218750000e+03 -3.524234732405748218e+02
1.854137512207031250e+03 -5.893992289346642792e+02
1.854158386230468750e+03 -2.698325914307497442e+02
1.854179199218750000e+03 -5.462582203225465491e+02
1.854200012207031250e+03 8.426626007433515042e+01
1.854220886230468750e+03 -1.709042289600474760e+02
1.854241699218750000e+03 -6.123680644237902015e+01
1.854262512207031250e+03 1.106311664916574955e+02
1.854283386230468750e+03 6.793601529727457091e+02
1.854304199218750000e+03 -1.320618764561368152e+02
1.854325012207031250e+03 -2.587622098779538646e+02
1.854345886230468750e+03 -3.431942201493075117e+02
1.854366699218750000e+03 -1.197886516532395035e+03
1.854387512207031250e+03 1.315090485695982352e+02
1.854408386230468750e+03 -6.363251762315630913e+02
1.854429199218750000e+03 -6.622725508078001440e+02
1.854450012207031250e+03 -1.089245390887139365e+03
1.854470886230468750e+03 -3.255986805036664009e+02
1.854491699218750000e+03 -8.955614872463047504e+02
1.854512512207031250e+03 -5.927511703169438988e+02
1.854533386230468750e+03 -9.709086437679361552e+02
1.854554199218750000e+03 -7.310962191082071513e+02
1.854575012207031250e+03 -8.657333994043292478e+02
1.854595886230468750e+03 -1.041514867061399855e+03
1.854616699218750000e+03 -5.740574713132809848e+02
1.854637512207031250e+03 -3.562066114577464759e+02
1.854658386230468750e+03 -1.017140749037498608e+03
1.854679199218750000e+03 -5.444635022652801126e+01
1.854700012207031250e+03 -4.011054594720480964e+02
1.854720886230468750e+03 -1.112031906534684822e+02
1.854741699218750000e+03 7.871206022938713431e+01
1.854762512207031250e+03 1.651171519374474883e+02
1.854783386230468750e+03 4.190166610770393163e+01
1.854804199218750000e+03 -4.934846575111150742e+02
1.854825012207031250e+03 -2.283855575568741187e+02
1.854845886230468750e+03 -6.161247961025219411e+01
1.856408325195312500e+03 -8.515712037802441046e+02
1.856429138183593750e+03 -8.171255753643345088e+02
1.856450012207031250e+03 -1.613117914728354663e+02
1.856470825195312500e+03 -2.814328036159276962e+02
1.856491638183593750e+03 3.451039521278580651e+02
1.856512512207031250e+03 -5.864439094606786966e+02
1.856533325195312500e+03 -1.321215346975135617e+03
1.856554138183593750e+03 -3.522201147469459102e+02
1.856575012207031250e+03 1.698455004384741187e+02
1.856595825195312500e+03 -9.500887375478632748e+02
1.856616638183593750e+03 3.736420004267711192e+02
1.856637512207031250e+03 -2.303013253501849249e+02
1.856658325195312500e+03 -5.933042966545326635e+02
1.856679138183593750e+03 -9.565676722149364650e+02
1.856700012207031250e+03 4.307306849595624954e+01
1.856720825195312500e+03 -3.914453443585662171e+02
1.856741638183593750e+03 -3.043217892788816243e+02
1.856762512207031250e+03 1.161827207850292325e+02
1.856783325195312500e+03 3.857239465415477753e+02
1.856804138183593750e+03 -2.922479397385613993e+02
1.856825012207031250e+03 7.960499224584782496e+02
1.856845825195312500e+03 -4.660323609039187431e+02
1.856866638183593750e+03 7.104744595394004136e+02
1.856887512207031250e+03 6.854523615218931809e+02
1.856908325195312500e+03 3.419721731429453939e+02
1.856929138183593750e+03 4.219294892619363964e+02
1.856950012207031250e+03 5.849009772631106898e+02
1.856970825195312500e+03 2.971446824466111138e+02
1.856991638183593750e+03 1.219593313773162663e+03
1.857012512207031250e+03 3.388355834697140381e+02
1.857033325195312500e+03 2.244790850433055311e+02
1.857054138183593750e+03 7.681215593810193241e+02
1.857075012207031250e+03 1.059254591466160491e+03
1.857095825195312500e+03 1.111368776986142620e+03
1.857116638183593750e+03 4.715512979316990823e+02
1.857137512207031250e+03 6.177620325998868793e+02
1.857158325195312500e+03 -1.273359349919483066e+02
1.857179138183593750e+03 1.384394449456594884e+02
1.857200012207031250e+03 2.686313439044170082e+00
1.857220825195312500e+03 1.246820539534091949e+02
1.857241638183593750e+03 2.359282480435213074e+02
1.857262512207031250e+03 1.020488777758902870e+03
1.857283325195312500e+03 -3.145361559963785112e+02
1.857304138183593750e+03 1.700872275995789096e+02
1.857325012207031250e+03 4.907556960370857269e+02
1.857345825195312500e+03 3.055834854601416737e+02
1.857366638183593750e+03 8.907570567897055298e+02
1.857387512207031250e+03 1.306990058578085154e+02
1.857408325195312500e+03 6.748026351556181908e+02
1.857429138183593750e+03 1.443515267483890057e+02
1.857450012207031250e+03 6.581621892354451120e+01
1.857470825195312500e+03 5.114569673041114584e+02
1.857491638183593750e+03 -2.266379079922335222e+02
1.857512512207031250e+03 2.970465882006101310e+02
1.857533325195312500e+03 -7.381692594963824376e+02
1.857554138183593750e+03 2.667126171014970168e+02
1.857575012207031250e+03 -5.528844290385022759e+02
1.857595825195312500e+03 9.075227397580165416e+02
1.857616638183593750e+03 2.868559584890026599e+02
1.857637512207031250e+03 5.136299733327468857e+02
1.857658325195312500e+03 8.849547557859914377e+02
1.857679138183593750e+03 8.367604568660026416e+02
1.857700012207031250e+03 4.531473803475964814e+02
1.857720825195312500e+03 1.089381777746719308e+03
1.857741638183593750e+03 6.090835700666066259e+02
1.857762512207031250e+03 -7.337712508952245116e+01
1.857783325195312500e+03 7.327908321050927043e+00
1.857804138183593750e+03 3.392762774177826941e+02
1.857825012207031250e+03 -2.624265475921565667e+02
1.857845825195312500e+03 -4.834180819673929363e+01
1.857866638183593750e+03 4.094104076715884730e+02
1.857887512207031250e+03 5.881917519123526290e+02
1.857908325195312500e+03 7.246805571669247001e+02
1.857929138183593750e+03 1.203975344181526452e+02
1.857950012207031250e+03 2.179024054157780483e+02
1.857970825195312500e+03 3.142899480927735567e+01
1.857991638183593750e+03 9.767453212209511548e+01
1.858012512207031250e+03 1.919067358456086367e+02
1.858033325195312500e+03 -1.739856813207734376e+02
1.858054138183593750e+03 -2.330378332220716402e+02
1.858075012207031250e+03 5.501128883287310600e+01
1.858095825195312500e+03 -3.698942059309920296e+02
1.858116638183593750e+03 -4.934752097359159961e+02
1.858137512207031250e+03 -1.000263687554514036e+03
1.858158325195312500e+03 -3.752378955074818805e+02
1.858179138183593750e+03 -7.747115437721367925e+01
1.858200012207031250e+03 -7.681214256498496979e+02
1.858220825195312500e+03 -4.830509569419082254e+02
1.858241638183593750e+03 3.253894973158603534e+02
1.858262512207031250e+03 1.771584758762037382e+02
1.858283325195312500e+03 8.512964185839518905e+01
1.858304138183593750e+03 -1.212134045304264873e+01
1.858325012207031250e+03 1.872824202105402946e+01
1.858345825195312500e+03 9.406228422829881310e+02
1.858366638183593750e+03 -1.179742270808201283e+02
1.858387512207031250e+03 4.040807897963095456e+02
1.858408325195312500e+03 -8.955378587918821722e+02
1.858429138183593750e+03 -8.366313186197075993e+02
1.858450012207031250e+03 -2.247706141356611624e+02
1.858470825195312500e+03 -8.682307693473994732e+02
1.858491638183593750e+03 -3.378510002426337451e+02
1.858512471516927008e+03 -9.131389299846487120e+02
1.858533325195312500e+03 -1.489039130987948738e+03
1.858554138183593750e+03 -1.365982160298735835e+03
1.858575012207031250e+03 -1.090162646212731488e+03
1.858595825195312500e+03 -7.441614104373147711e+02
1.858616638183593750e+03 -2.917580619216896594e+02
1.858637512207031250e+03 3.801530409755650908e+01
1.858658325195312500e+03 -1.213857131069526076e+02
1.858679138183593750e+03 1.559204133751336485e+02
1.858699951171875000e+03 -3.945809765652520582e+02
1.858720764160156250e+03 7.190551791343605146e+02
1.858741638183593750e+03 5.859160531382076442e+02
1.858762451171875000e+03 -1.730845673929434270e+01
1.858783264160156250e+03 -1.082457348636817187e+02
1.858804138183593750e+03 1.774796568823512644e+02
1.858824951171875000e+03 1.061423667571507394e+02
1.858845764160156250e+03 2.309150316745508462e+02
1.858866638183593750e+03 -7.301164208805421367e+02
1.858887451171875000e+03 -2.696407581872772425e+02
1.858908264160156250e+03 3.316333865486085415e+02
1.858929138183593750e+03 -1.789271654275944456e+02
1.858949951171875000e+03 1.714756598552921787e+02
1.858970764160156250e+03 -8.341613315232098103e+01
1.858991638183593750e+03 4.731019951158668846e+02
1.859012451171875000e+03 2.129726540464907885e+02
1.859033264160156250e+03 5.987979925516992807e+01
1.859054138183593750e+03 2.059985416918061674e+02
1.859074951171875000e+03 8.899042732965899631e+02
1.859095764160156250e+03 7.693413548192474991e+02
1.859116638183593750e+03 5.377486223692540079e+01
1.859137451171875000e+03 4.717204527087742463e+02
1.859158264160156250e+03 -2.737473454560386017e+02
1.859179138183593750e+03 3.561540408001746982e+02
1.859199951171875000e+03 1.526794837195193395e+02
1.859220764160156250e+03 -3.389904516227543354e+02
1.859241638183593750e+03 4.670374955283477902e+01
1.859262451171875000e+03 3.886118500414304435e+02
1.859283264160156250e+03 9.919897362112533301e+01
1.859304138183593750e+03 1.433332485850201920e+03
1.859324951171875000e+03 5.120989549433579668e+02
1.859345764160156250e+03 1.258515497214393690e+02
1.859366638183593750e+03 4.818339217680040747e+02
1.859387451171875000e+03 5.551950273952679709e+02
1.859408264160156250e+03 -3.713027782167773694e+01
1.859429138183593750e+03 2.430722787624690682e+02
1.859449951171875000e+03 -5.054181594979017973e+02
1.859470764160156250e+03 1.456134635710623115e+01
1.859491638183593750e+03 -4.542508320371853188e+02
1.859512451171875000e+03 -4.807464702026918530e+02
1.859533264160156250e+03 -4.507351850640261546e+02
1.859554138183593750e+03 7.786408415692858398e+01
1.859574951171875000e+03 1.284732515661744401e+02
1.859595764160156250e+03 4.308800327864009887e+02
1.859616638183593750e+03 -6.277147815377684310e+02
1.859637451171875000e+03 -5.435224439703160897e+02
1.859658264160156250e+03 1.097716865333495662e+02
1.859679138183593750e+03 4.515169791801599786e+02
1.859699951171875000e+03 5.002307445639744401e+02
1.859720764160156250e+03 4.056613884485559538e+02
1.859741638183593750e+03 1.409988953439751640e+02
1.859762451171875000e+03 -1.813426912552677095e+01
1.859783264160156250e+03 1.959188596904277802e+02
1.859804138183593750e+03 -3.133195259601343423e+02
1.859824951171875000e+03 -2.210174308395944536e+02
1.859845764160156250e+03 -3.876184355505974963e+02
1.859866638183593750e+03 -3.708450087931705639e+02
1.859887451171875000e+03 -5.071255264920182526e+00
1.859908264160156250e+03 9.089492689170874655e+02
1.859929138183593750e+03 3.807346791240852326e+02
1.859949951171875000e+03 -1.588275080628227443e+02
1.859970764160156250e+03 6.478067508571548387e+02
1.859991638183593750e+03 1.057882545338943601e+03
1.860012451171875000e+03 6.280626167848240584e+02
1.860033264160156250e+03 2.437974815943744034e+02
1.860054138183593750e+03 1.195314169437042437e+03
1.860074951171875000e+03 4.639291756950551644e+02
1.860095764160156250e+03 7.310110193677246571e+00
1.860116638183593750e+03 3.946947372459108010e+02
1.860137451171875000e+03 6.204551708233775571e+02
1.860158264160156250e+03 -1.848712904815329239e+02
1.860179138183593750e+03 -3.105208056200062856e+02
1.860199951171875000e+03 1.685250795838655904e+02
1.860220764160156250e+03 -4.558511715001659468e+02
1.860241638183593750e+03 -6.719741726092761382e+02
1.860262451171875000e+03 2.806189107198733836e+02
1.860283264160156250e+03 4.047690998105099425e+02
1.860304138183593750e+03 1.256377545002265833e+03
1.860324951171875000e+03 5.654200045991456136e+02
1.860345764160156250e+03 5.823269639216596261e+02
1.860366638183593750e+03 9.104727555031422526e+02
1.860387451171875000e+03 -4.943477989588864148e+02
1.860408264160156250e+03 3.352733835602412000e+02
1.860429138183593750e+03 -1.097688302685273811e+02
1.860449951171875000e+03 1.597249325850280002e+02
1.860470764160156250e+03 -4.835357857656199485e+02
1.860491638183593750e+03 -6.456030035192379728e+02
1.860512451171875000e+03 -5.065408562486991286e+02
1.860533264160156250e+03 1.483564905042294413e+01
1.860554138183593750e+03 -4.121337134046480060e+02
1.860574951171875000e+03 3.705089923192281276e+01
1.860595764160156250e+03 1.093258267624769360e+02
1.860616638183593750e+03 3.323642210895195603e+02
1.860637451171875000e+03 -2.794867128563346341e+02
1.860658264160156250e+03 -4.058497102443361655e+02
1.860679138183593750e+03 -6.670689755924977362e+02
1.860699951171875000e+03 1.905280105388956144e+02
1.860720764160156250e+03 8.492655957234092057e+00
1.860741638183593750e+03 -5.507697486702818424e+01
1.860762451171875000e+03 -4.345165178445167840e+02
1.860783264160156250e+03 1.566647424197290093e+02
1.860804138183593750e+03 -2.697463015149114653e+02
1.860824951171875000e+03 2.316380344940116629e+02
1.860845764160156250e+03 5.327275869076838717e+02
1.860866638183593750e+03 6.015957721159793437e+02
1.860887451171875000e+03 -2.640529489426407963e+02
1.860908264160156250e+03 -4.890919120006728917e+02
1.860929138183593750e+03 2.373011697606416419e+02
1.860949951171875000e+03 -1.343165062418440357e+03
1.860970764160156250e+03 -7.529210638804361224e+02
1.860991638183593750e+03 -4.455394288237439469e+02
1.861012451171875000e+03 -4.928709274551365525e+02
1.861033264160156250e+03 9.755439138726796955e+01
1.861054138183593750e+03 -1.800429240135708824e+02
1.861074951171875000e+03 -1.712945743231102824e+00
1.861095764160156250e+03 -3.820095886039780453e+02
1.861116638183593750e+03 -6.321855149070033804e+02
1.861137451171875000e+03 -2.524706968648824841e+02
1.861158264160156250e+03 -6.895370337379863486e+02
1.861179138183593750e+03 1.336088716638041660e+02
1.861199951171875000e+03 -1.061936724905390292e+03
1.861220764160156250e+03 -3.036196992506738752e+02
1.861241638183593750e+03 -2.289183626690646634e+02
1.861262451171875000e+03 -3.029559972346760333e+02
1.861283264160156250e+03 8.983093635237310082e+02
1.861304138183593750e+03 6.306981966675957665e+02
1.861324951171875000e+03 1.358983360401820391e+03
1.861345764160156250e+03 1.138216449101222679e+03
1.861366638183593750e+03 6.654185666873818263e+02
1.861387451171875000e+03 1.271917029935517348e+03
1.861408264160156250e+03 1.280491858330089599e+03
1.861429138183593750e+03 6.903855456857709214e+02
1.861449951171875000e+03 -1.526097706484142691e+01
1.861470764160156250e+03 6.517964540976099670e+02
1.861491638183593750e+03 9.048787461372558028e+02
1.861512451171875000e+03 6.064214204206364229e+02
1.861533264160156250e+03 3.631967445338377729e+02
1.861554077148437500e+03 -3.541963277233298868e+01
1.861574890136718750e+03 4.283353516058996320e+02
1.861595764160156250e+03 -4.023772973136510700e+01
1.861616577148437500e+03 -4.552587389742257074e+02
1.861637390136718750e+03 2.071516873361542821e+01
1.861658264160156250e+03 -2.961115290337475017e+02
1.861679077148437500e+03 1.675614003580994904e+01
1.861699890136718750e+03 9.503051804041024297e+01
1.861720764160156250e+03 1.109759056459879503e+02
1.861741577148437500e+03 -5.281829908069921657e+02
1.861762390136718750e+03 3.806979331217007712e+02
1.861783264160156250e+03 3.070566466213203967e+02
1.861804077148437500e+03 2.124244473914150149e+02
1.861824890136718750e+03 8.008161466103047132e+01
1.861845764160156250e+03 8.598196699955733493e+02
1.861866577148437500e+03 -9.810706968221347779e+01
1.861887390136718750e+03 -1.299880212251795456e+03
1.861908264160156250e+03 -1.012709044535295106e+03
1.861929077148437500e+03 -3.492615456916391850e+02
1.861949910481770758e+03 -2.991083751866826788e+02
1.861970764160156250e+03 -2.489017011628020555e+02
1.861991577148437500e+03 2.290059215609217063e+02
1.862012390136718750e+03 -4.871948297601193190e+01
1.862033264160156250e+03 -8.606678983968449757e+02
1.862054077148437500e+03 -2.398614422107348219e+02
1.862074890136718750e+03 2.354579456885112450e+02
1.862095764160156250e+03 1.913737228665268049e+02
1.862116577148437500e+03 -8.947685142061673105e+02
1.862137390136718750e+03 -4.844612972647882998e+02
1.862158264160156250e+03 3.341424509974895045e+02
1.862179077148437500e+03 -3.662328930168878287e+02
1.862199890136718750e+03 6.636690015159547329e+01
1.862220764160156250e+03 3.880776925839018077e+02
1.862241577148437500e+03 8.353401799405692145e+02
1.862262390136718750e+03 -8.781049742512404919e+02
1.862283264160156250e+03 -2.990982339509064332e+02
1.862304077148437500e+03 -1.541544069951632991e+02
1.862324890136718750e+03 -5.659829640786629170e+02
1.862345764160156250e+03 4.709092964439187199e+02
1.862366577148437500e+03 -6.602225719310808927e+02
1.862387390136718750e+03 -3.225270044354256243e+02
1.862408264160156250e+03 -1.814608670825837180e+02
1.862429077148437500e+03 -2.935724169500172138e+02
1.862449890136718750e+03 4.852652562382863835e+02
1.862470764160156250e+03 -5.520404770214809105e+02
1.862491577148437500e+03 -6.074347326083807275e+02
1.862512390136718750e+03 -9.639041556543670595e+02
1.862533264160156250e+03 1.896931210433831438e+02
1.862554077148437500e+03 -7.991523824223550037e+02
1.862574890136718750e+03 -3.002283166799461469e+02
1.862595764160156250e+03 -4.761960130983497947e+02
1.862616577148437500e+03 -3.711446605701930821e+02
1.862637390136718750e+03 3.109104898758232594e+00
1.862658264160156250e+03 -2.846649174304911867e+02
1.862679077148437500e+03 -9.595002987280022353e+02
1.862699890136718750e+03 -1.117115911743487231e+03
1.862720764160156250e+03 -9.231142093504313380e+02
1.862741577148437500e+03 -9.577709689376642928e+02
1.862762390136718750e+03 -1.039711955643375404e+03
1.862783264160156250e+03 -9.341496124479454011e+02
1.862804077148437500e+03 -9.034069781361613423e+02
1.862824890136718750e+03 -5.820646233983570710e+02
1.862845764160156250e+03 -1.153914075825479813e+03
1.862866577148437500e+03 -6.196421001296257600e+02
1.862887390136718750e+03 1.938938464262755588e+02
1.862908264160156250e+03 -1.046475087900180370e+02
1.862929077148437500e+03 -1.492528271873015910e+02
1.862949890136718750e+03 1.629693636542651802e+01
1.862970764160156250e+03 1.802679114636266604e+02
1.862991577148437500e+03 -1.121575397491455078e+03
1.863012390136718750e+03 -2.547145738864783198e+02
1.863033264160156250e+03 -1.134719961184309795e+02
1.863054077148437500e+03 -5.561944150831550360e+02
1.863074890136718750e+03 4.387403984670527279e+00
1.863095764160156250e+03 -4.353222050191834569e+02
1.863116577148437500e+03 -7.370481920504244044e+02
1.863137390136718750e+03 4.042629415668779984e+02
1.863158264160156250e+03 3.104594410525169224e+02
1.863179077148437500e+03 1.848762966514332220e+02
1.863199890136718750e+03 -1.714452837046701461e+01
1.863220764160156250e+03 -3.508081355807371438e+01
1.863241577148437500e+03 1.021155976762180217e+03
1.863262390136718750e+03 2.989920124982018024e+02
1.863283264160156250e+03 9.126117956853704527e+02
1.863304077148437500e+03 2.773798302902141586e+02
1.863324890136718750e+03 5.443620318879839033e+02
1.863345764160156250e+03 2.416325064157135785e+02
1.863366577148437500e+03 3.057874318535905331e+02
1.863387390136718750e+03 4.884663360604317859e+02
1.863408264160156250e+03 -4.131625434546731412e+01
1.863429077148437500e+03 -8.735561603400856256e+01
1.863449890136718750e+03 1.609441271717660129e+02
1.863470764160156250e+03 -6.368243030295707285e+02
1.863491577148437500e+03 -9.226825577103300020e+02
1.863512390136718750e+03 5.715082070780918002e+02
1.863533264160156250e+03 1.794779865932650864e+02
1.863554077148437500e+03 1.413235450792126358e+02
1.863574890136718750e+03 4.414088615921791643e+02
1.863595764160156250e+03 6.442765150088816881e+02
1.863616577148437500e+03 2.899498818651773036e+01
1.863637390136718750e+03 -9.344083206274081022e+01
1.863658264160156250e+03 -6.558477240323554724e+02
1.863679077148437500e+03 -7.747845419551013038e+02
1.863699890136718750e+03 5.827806466318434104e+02
1.863720764160156250e+03 -4.725398805441800505e+02
1.863741577148437500e+03 2.459040516746463254e+02
1.863762390136718750e+03 -4.229297168420162052e+02
1.863783264160156250e+03 5.436296440126607195e+02
1.863804077148437500e+03 3.430895192214520648e+02
1.863824890136718750e+03 1.090739924884401262e+02
1.863845764160156250e+03 -3.237638116457965225e+02
1.863866577148437500e+03 4.887702748751034960e+02
1.863887390136718750e+03 -2.039734519509365782e+02
1.863908264160156250e+03 5.328956776726990938e+02
1.863929077148437500e+03 -3.097584062591195107e+02
1.863949890136718750e+03 4.645395464962348342e+02
1.863970764160156250e+03 -1.468599541985895485e+01
1.863991577148437500e+03 8.054946201876737177e+02
1.864012390136718750e+03 4.458688510512001812e+01
1.864033264160156250e+03 8.039265392970992252e+02
1.864054077148437500e+03 8.263294295001542196e+02
1.864074890136718750e+03 -6.397782244510017335e+01
1.864095764160156250e+03 8.138008995236596093e+02
1.864116577148437500e+03 -3.888964627380482852e+01
1.864137390136718750e+03 -1.222697777333669364e+02
1.864158203125000000e+03 5.074573686249786988e+02
1.864179016113281250e+03 5.199978963526664302e+02
1.864199890136718750e+03 -1.155501756807789207e+02
1.864220703125000000e+03 1.687357130044838414e+02
1.864241516113281250e+03 3.275328852196689695e+02
1.864262390136718750e+03 3.418986454114783555e+02
1.864283203125000000e+03 6.912790438899537548e+02
1.864304016113281250e+03 -2.936288779039168730e+02
1.864324890136718750e+03 2.880938281922135502e+02
1.864345703125000000e+03 -2.572817477630451322e+01
1.864366516113281250e+03 1.404717613238608465e+02
1.864387390136718750e+03 1.992445856238482520e+02
1.864408203125000000e+03 -3.264856271148892120e+02
1.864429016113281250e+03 -6.288892015801975504e+02
1.864449890136718750e+03 -1.597359527646331117e+02
1.864470703125000000e+03 -5.048734400335233659e+02
1.864491516113281250e+03 -4.196914960327558219e+02
1.864512390136718750e+03 -1.540412166446913034e+02
1.864533203125000000e+03 4.068417456711176783e+01
1.864554016113281250e+03 -8.664633857680018991e+01
1.864574890136718750e+03 7.078809409636305645e+02
1.864595703125000000e+03 -3.417523183360463008e+02
1.864616516113281250e+03 2.100943233460420743e+02
1.864637390136718750e+03 2.279632645291276276e+02
1.864658203125000000e+03 6.749471464926609769e+02
1.864679016113281250e+03 8.871041369143640622e+02
1.864699890136718750e+03 5.774000484632560983e+02
1.864720703125000000e+03 7.738173445195425302e+02
1.864741516113281250e+03 1.124774490291019902e+03
1.864762390136718750e+03 5.483168220000807196e+02
1.864783203125000000e+03 9.960858059847960249e+02
1.864804016113281250e+03 4.820824562315829098e+01
1.864824890136718750e+03 2.222376818885095417e+02
1.864845703125000000e+03 3.438134891472291201e+02
1.864866516113281250e+03 -7.803941898010671139e+02
1.864887390136718750e+03 -1.149604186717187986e+02
1.864908203125000000e+03 -3.741544688889989629e+02
1.864929016113281250e+03 3.166863175476901233e+02
1.864949890136718750e+03 -1.491011372044449672e+02
1.864970703125000000e+03 8.757581130742328241e+02
1.864991516113281250e+03 4.703057634530123323e+02
1.865012390136718750e+03 9.464770129015669227e+02
1.865033203125000000e+03 1.087473247356479988e+03
1.865054016113281250e+03 1.002631630593445152e+03
1.865074890136718750e+03 9.892442214068723843e+02
1.865095703125000000e+03 9.779100995275657624e+02
1.865116516113281250e+03 -1.468498440196271986e+02
1.865137390136718750e+03 1.083273340843152255e+01
1.865158203125000000e+03 5.702381343824090436e+02
1.865179016113281250e+03 5.894959945291047916e+02
1.865199890136718750e+03 -8.765850221617147326e+02
1.865220703125000000e+03 -1.883983063218183815e+02
1.865241516113281250e+03 1.123664026295300573e+02
1.865262390136718750e+03 -8.002564300619997084e+01
1.865283203125000000e+03 -3.365393530484288931e+01
1.865304016113281250e+03 -6.474638613886199892e+02
1.865324890136718750e+03 7.647578664449974895e+02
1.865345703125000000e+03 2.117581096292706206e+02
1.865366516113281250e+03 5.257579672916326672e+02
1.865387390136718750e+03 7.433862829554127529e+02
1.865408203125000000e+03 2.466508944022934884e+02
1.865429016113281250e+03 2.849177711756201461e+02
1.865449890136718750e+03 -1.535189321483485401e+02
1.865470703125000000e+03 7.463192326648859307e+02
1.865491536458333258e+03 5.075808867109008133e+02
1.865512390136718750e+03 2.686482078328263015e+02
1.865533203125000000e+03 4.129561696194577962e+02
1.865554016113281250e+03 -3.611963414757046849e+02
1.865574890136718750e+03 -6.977245597196742892e+02
1.865595703125000000e+03 -3.086310761133208871e+02
1.865616516113281250e+03 -6.262009046925231814e+02
1.865637390136718750e+03 -4.856288326522335410e+02
1.865658203125000000e+03 -9.206984402183443308e+02
1.865679016113281250e+03 -5.963614428665023297e+02
1.865699890136718750e+03 -3.723689245507121086e+02
1.865720703125000000e+03 2.743252506310818717e+02
1.865741516113281250e+03 7.677059678171062842e+02
1.865762390136718750e+03 5.406830245995661244e+02
1.865783203125000000e+03 5.948169625543523580e+02
1.865804016113281250e+03 -1.547177142568398267e+02
1.865824890136718750e+03 6.899666949957609177e+02
1.865845703125000000e+03 3.042883184016682208e+01
1.865866516113281250e+03 4.860617875622119755e+01
1.865887390136718750e+03 6.173062123288400471e+01
1.865908203125000000e+03 2.702154276997316629e+01
1.865929016113281250e+03 -5.634305405355989933e+02
1.865949890136718750e+03 1.325887199852149934e+02
1.865970703125000000e+03 -4.265718858218751848e+02
1.865991516113281250e+03 -3.200176136174704880e+02
1.866012390136718750e+03 -7.402078203450655565e+02
1.866033203125000000e+03 -8.481988670155405998e+02
1.866054016113281250e+03 2.239565246446290985e+02
1.866074890136718750e+03 -4.876290424077305943e+02
1.866095703125000000e+03 -4.130037671525496989e+02
1.866116516113281250e+03 -6.065289135879138485e+02
1.866137390136718750e+03 -2.650492545615416020e+02
1.866158203125000000e+03 -1.284615867531509139e+03
1.866179016113281250e+03 -4.768144286748720333e+02
1.866199890136718750e+03 -1.611445177171844989e+03
1.866220703125000000e+03 -1.247517651355359703e+03
1.866241516113281250e+03 -5.614065174057614058e+02
1.866262390136718750e+03 -1.676630251728580333e+03
1.866283203125000000e+03 -9.381349782599136233e+02
1.866304016113281250e+03 -1.415629939427250065e+03
1.866324890136718750e+03 -4.690421557533554733e+02
1.866345703125000000e+03 -6.429353676128666848e+02
1.866366516113281250e+03 -1.024022599286399782e+01
1.866387390136718750e+03 -5.801686151331523433e+02
1.866408203125000000e+03 -5.747665814104257151e+02
1.866429016113281250e+03 -1.526739770872518420e+02
1.866449890136718750e+03 1.908968622293323278e+02
1.866470703125000000e+03 -1.156214059626800008e+03
1.866491536458333258e+03 -9.131185505188768730e+02
1.866512390136718750e+03 -6.698083811496617272e+02
1.866533203125000000e+03 -6.501034401394426823e+02
1.866554016113281250e+03 -1.813035881530959159e+01
1.866574829101562500e+03 -1.424290635527228005e+03
1.866595642089843750e+03 -1.665383283518371172e+03
1.866616516113281250e+03 -9.201721047060564160e+02
1.866637329101562500e+03 -2.918940419338177890e+02
1.866658142089843750e+03 -6.343686627331189811e+02
1.866679016113281250e+03 -2.498034792548278347e+02
1.866699829101562500e+03 -3.180005615385016426e+02
1.866720642089843750e+03 1.337819359020795673e+01
1.866741516113281250e+03 -3.775673572951927781e+01
1.866762329101562500e+03 1.872215338373789564e+02
1.866783142089843750e+03 5.239735650859074667e+02
1.866804016113281250e+03 6.689332157775061205e+02
1.866824829101562500e+03 4.011588834279682487e+02
1.866845642089843750e+03 5.053254521192284301e+02
1.866866516113281250e+03 1.208748041296494193e+03
1.866887329101562500e+03 2.060545079223811626e+01
1.866908142089843750e+03 7.423172442358918488e+00
1.866929016113281250e+03 5.730212140998337418e+02
1.866949829101562500e+03 2.332308081942610443e+02
1.866970642089843750e+03 4.942070943608414382e+02
1.866991516113281250e+03 5.133530947439139709e+02
1.867012329101562500e+03 1.187229014129610732e+03
1.867033142089843750e+03 1.038049072383088060e+03
1.867054016113281250e+03 4.740442447204841301e+02
1.867074829101562500e+03 2.549994202712550759e+02
1.867095642089843750e+03 8.376999666916672140e+02
1.867116516113281250e+03 4.434493329201359302e+02
1.867137329101562500e+03 9.157478211269481108e+02
1.867158142089843750e+03 5.626111093271756545e+02
1.867179016113281250e+03 1.836661938836332411e+02
1.867199829101562500e+03 4.401206504919100553e+02
1.867220642089843750e+03 6.926885613296180964e+02
1.867241516113281250e+03 2.107384863224579021e+02
1.867262329101562500e+03 1.111733728226972744e+02
1.867283142089843750e+03 4.534151903300080448e+02
1.867304016113281250e+03 4.894251904278062284e+02
1.867324829101562500e+03 -1.752493686393136159e+02
1.867345642089843750e+03 1.727056214009644464e+02
1.867366516113281250e+03 5.817197077306918800e+02
1.867387329101562500e+03 -2.277882356893969700e+02
1.867408142089843750e+03 -4.544479030120419338e+02
1.867429016113281250e+03 5.692020906538236886e+02
1.867449849446614508e+03 6.096874826728599146e+02
1.867470642089843750e+03 6.501152355174999684e+02
1.867491516113281250e+03 -3.965384526546113193e+02
1.867512329101562500e+03 8.509372172781731933e+02
1.867533142089843750e+03 3.042481933817034587e+02
1.867554016113281250e+03 3.341809125582221895e+02
1.867574829101562500e+03 -4.314793565486324951e+02
1.867595642089843750e+03 -4.013915277827763930e+02
1.867616516113281250e+03 -1.610584512900095433e+02
1.867637329101562500e+03 -9.468126889702398330e+01
1.867658142089843750e+03 1.741939030422363430e+02
1.867679016113281250e+03 -2.554394934722222388e+02
1.867699829101562500e+03 -7.889091693412046880e+01
1.867720642089843750e+03 1.086595353105803952e+02
1.867741516113281250e+03 -1.693039272525347769e+02
1.867762329101562500e+03 3.423946032800013199e+02
1.867783142089843750e+03 2.561921833769883960e+02
1.867804016113281250e+03 4.974468386116204783e+02
1.867824829101562500e+03 4.114559581143548712e+02
1.867845642089843750e+03 4.205247621034504846e+02
1.867866516113281250e+03 -1.956120875966735184e+01
1.867887329101562500e+03 2.198338668709620833e+02
1.867908142089843750e+03 4.407284616566030309e+02
1.867929016113281250e+03 4.681501957942964509e+02
1.867949829101562500e+03 9.928279849584214389e+01
1.867970642089843750e+03 -4.248289390535792336e+02
1.867991516113281250e+03 1.821016108120093122e+02
1.868012329101562500e+03 -6.899087023389292881e+02
1.868033142089843750e+03 -1.000493611576617695e+03
1.868054016113281250e+03 2.281153300320729613e+02
1.868074829101562500e+03 -5.302243085287045687e+02
1.868095642089843750e+03 5.467852391535416245e+00
1.868116516113281250e+03 -2.563418462562840432e+02
1.868137329101562500e+03 4.383085850309580564e+02
1.868158142089843750e+03 9.976900085069937631e+02
1.868179016113281250e+03 1.803130576654803008e+02
1.868199829101562500e+03 5.701237238652538508e+02
1.868220642089843750e+03 -4.384395741798216477e+02
1.868241516113281250e+03 -8.906833223579451442e+01
1.868262329101562500e+03 -8.219480310316430405e+02
1.868283142089843750e+03 -4.741126331711420789e+02
1.868304016113281250e+03 -1.606786375863011926e+02
1.868324829101562500e+03 -2.181990419984795153e+02
1.868345642089843750e+03 -1.245884855812182650e+02
1.868366516113281250e+03 -5.091315404910128564e+02
1.868387329101562500e+03 -1.907706203163834289e+02
1.868408142089843750e+03 -3.149960976799484342e+02
1.868429016113281250e+03 3.838665318326093256e+00
1.868449829101562500e+03 1.474277029174845666e+01
1.868470642089843750e+03 6.128258737747091800e+01
1.868491516113281250e+03 -8.341709834290668368e+00
1.868512329101562500e+03 -2.104998643677681684e+02
1.868533142089843750e+03 5.058919211482862011e+02
1.868554016113281250e+03 -9.789430232869926840e+02
1.868574829101562500e+03 4.943692431134404615e+02
1.868595642089843750e+03 -2.917273662773659453e+02
1.868616516113281250e+03 9.194854620208498091e+02
1.868637329101562500e+03 -1.411594006749801338e+02
1.868658142089843750e+03 3.138560204881941900e+02
1.868679016113281250e+03 -1.699006351463031024e+02
1.868699829101562500e+03 4.626673403361346573e+02
1.868720642089843750e+03 6.988994156278204173e+01
1.868741516113281250e+03 3.231974125620909035e+02
1.868762329101562500e+03 -7.116669951798394322e+01
1.868783142089843750e+03 -8.132911868474911898e+02
1.868804016113281250e+03 -5.159518834075424820e+01
