2.010279052734375000e+03 -2.090849094734294340e+02
2.010299865722656250e+03 -2.913060952527448535e+02
2.010320739746093750e+03 -5.845081585659645498e+02
2.010341552734375000e+03 -8.620284105817554519e+02
2.010362365722656250e+03 -7.723594949475955218e+01
2.010383239746093750e+03 -5.279791278854245320e+02
2.010404052734375000e+03 1.302768269507214427e+01
2.010424865722656250e+03 1.126207910989178345e+02
2.010445739746093750e+03 2.690902492287568748e+01
2.010466552734375000e+03 4.105798926223069429e+02
2.010487365722656250e+03 3.988738813059171662e+02
2.010508239746093750e+03 -2.088567437928868458e+02
2.010529052734375000e+03 -1.461733542107976973e+02
2.010549865722656250e+03 9.223767871306044981e+02
2.010570739746093750e+03 1.668942019017413259e+02
2.010591552734375000e+03 -4.599460606863722205e+02
2.010612365722656250e+03 5.925359480874612927e+01
2.010633239746093750e+03 5.552784810510929674e+02
2.010654052734375000e+03 4.306643582807155326e+02
2.010674865722656250e+03 6.434240342332050204e+02
2.010695739746093750e+03 4.289476339549291879e+02
2.010716552734375000e+03 -1.591665602570865303e+02
2.010737365722656250e+03 7.746517121244687587e+01
2.010758239746093750e+03 3.423303303204011172e+02
2.010779052734375000e+03 -3.774789450586540624e+02
2.010799865722656250e+03 -7.099778652938548476e+02
2.010820739746093750e+03 -6.325565298437140882e+02
2.010841552734375000e+03 2.463358703110134229e+02
2.010862365722656250e+03 -5.346176269357092679e+02
2.010883239746093750e+03 -9.450650584696559235e+02
2.010904052734375000e+03 3.838591674875933677e+02
2.010924865722656250e+03 -5.804848562763072550e+01
2.010945739746093750e+03 -3.989659532648511231e+01
2.010966552734375000e+03 1.997175378092797473e+02
2.010987365722656250e+03 2.201223065695958212e+02
2.011008239746093750e+03 -1.398411640611011535e+02
2.011029052734375000e+03 7.078410033468389884e+02
2.011049865722656250e+03 1.869874030024511740e+02
2.011070739746093750e+03 5.158261606947053224e+01
2.011091552734375000e+03 -1.942812740304507315e+02
2.011112365722656250e+03 -1.820609375936910510e+02
2.011133239746093750e+03 3.229815990715287626e+02
2.011154052734375000e+03 2.315936038499930874e+02
2.011174865722656250e+03 -5.439344665062380955e+02
2.011195739746093750e+03 -2.182925796279450879e+02
2.011216552734375000e+03 -4.045418974141357467e+02
2.011237365722656250e+03 -1.030955915662925690e+02
2.011258239746093750e+03 3.813548653190955520e+02
2.011279052734375000e+03 7.438140240226639435e+02
2.011299865722656250e+03 6.271257585341809317e+02
2.011320739746093750e+03 5.348700445783324540e+02
2.011341552734375000e+03 8.548784478552406654e+02
2.011362365722656250e+03 6.928471811931813136e+02
2.011383239746093750e+03 1.039174629007815383e+03
2.011404052734375000e+03 8.242301664910046384e+02
2.011424865722656250e+03 1.002398373081348836e+03
2.011445739746093750e+03 8.027454009624198079e+02
2.011466552734375000e+03 -1.568488671304658055e+01
2.011487365722656250e+03 2.130438761953264475e+02
2.011508239746093750e+03 5.875515834478428587e+02
2.011529052734375000e+03 1.325338564192643389e+02
2.011549865722656250e+03 4.304068215270526707e+02
2.011570739746093750e+03 1.281246274177683517e+02
2.011591552734375000e+03 -1.605710723756346852e+02
2.011612365722656250e+03 -4.535497689503245056e+01
2.011633239746093750e+03 1.619272858818294480e+02
2.011654052734375000e+03 1.837652064996073022e+02
2.011674865722656250e+03 -2.125475380799034610e+02
2.011695739746093750e+03 6.776227596285752952e+01
2.011716552734375000e+03 -2.720994212967343628e+01
2.011737365722656250e+03 3.440124243171885610e+02
2.011758239746093750e+03 2.388138728881021962e+02
2.011779052734375000e+03 2.782470534405438229e+02
2.011799865722656250e+03 1.956920652183471248e+02
2.011820739746093750e+03 4.036499621294206008e+02
2.011841552734375000e+03 -9.631805504043586552e+01
2.011862365722656250e+03 9.451143107534153387e+02
2.011883239746093750e+03 -2.587730713889468461e+02
2.011904052734375000e+03 6.998778779128333554e+02
2.011924865722656250e+03 -3.381175816757604480e+00
2.011945739746093750e+03 7.540684988965513185e+02
2.011966552734375000e+03 3.922386050994973630e+02
2.011987365722656250e+03 4.622329728231998160e+02
2.012008239746093750e+03 -1.451621726347366348e+02
2.012029052734375000e+03 -5.127247396743623540e+02
2.012049865722656250e+03 -4.249889405386056751e+02
2.012070739746093750e+03 -2.109879578134277835e+02
2.012091552734375000e+03 -2.948557215185137466e+02
2.012112365722656250e+03 -1.063755211492185481e+03
2.012133239746093750e+03 8.309566864441148937e+01
2.012154052734375000e+03 -2.221903008226072416e+02
2.012174865722656250e+03 3.700270069786347449e+01
2.012195739746093750e+03 -7.610102510064607486e+02
2.012216552734375000e+03 -3.754459486342966557e+02
2.012237365722656250e+03 1.701462485874071717e+01
2.012258239746093750e+03 -2.943224013196304440e+02
2.012279052734375000e+03 -4.410358306855196133e+02
2.012299865722656250e+03 4.707574757235124707e+01
2.012320739746093750e+03 -3.946491430817404762e+02
2.012341552734375000e+03 -4.851529812650987878e+02
2.012362365722656250e+03 2.282161092002643272e+02
2.012383239746093750e+03 2.526340870247222483e+02
2.012404052734375000e+03 1.571509335390292108e+02
2.012424865722656250e+03 2.858050181803992018e+02
2.012445739746093750e+03 1.222733120311750099e+02
2.012466552734375000e+03 5.809810398458503187e+02
2.012487365722656250e+03 -8.870309141662437469e+01
2.012508239746093750e+03 -7.512986034872010350e+02
2.012529052734375000e+03 5.792123069486115128e+01
2.012549865722656250e+03 -3.522480546606238931e+02
2.012570739746093750e+03 -3.032581954410998151e+02
2.012591552734375000e+03 1.837385763402562588e+01
2.012612365722656250e+03 -6.016894238794920966e+02
2.012633239746093750e+03 -4.965289651766652241e+02
2.012654052734375000e+03 -6.400394610965158790e+02
2.012674865722656250e+03 -1.188570169460726902e+02
2.012695739746093750e+03 -2.064274533924181014e+02
2.012716552734375000e+03 -7.588784717349335551e+02
2.012737365722656250e+03 -1.027123821179033257e+03
2.012758239746093750e+03 -4.462451824289746583e+01
2.012779052734375000e+03 5.456275044393260032e+02
2.012799865722656250e+03 2.545488399269524962e+02
2.012820739746093750e+03 -5.307371939679142088e+02
2.012841552734375000e+03 -6.871657349157612771e+02
2.012862365722656250e+03 -7.224281155341304839e+01
2.012883239746093750e+03 -2.653386715665692464e+02
2.012904052734375000e+03 6.077503823954612017e+01
2.012924865722656250e+03 6.757716702390462160e+02
2.012945739746093750e+03 2.979844496580772102e+02
2.012966552734375000e+03 3.734317208580905572e+02
2.012987365722656250e+03 6.651539313545217738e+02
2.013008239746093750e+03 -7.462245871836785227e+01
2.013029052734375000e+03 1.308276328805368394e+01
2.013049865722656250e+03 7.006405323033686727e+01
2.013070739746093750e+03 -2.358442140457918867e+02
2.013091552734375000e+03 6.129170568130211905e+02
2.013112365722656250e+03 6.237489949679002166e+01
2.013133239746093750e+03 2.867644787319004536e+02
2.013154052734375000e+03 -1.788895412061829120e+02
2.013174865722656250e+03 -5.561501146139344200e+02
2.013195739746093750e+03 -3.809184504925506189e+02
2.013216552734375000e+03 -3.527300932261859998e+02
2.013237365722656250e+03 -5.233939830816816539e+02
2.013258239746093750e+03 -6.742611441942863166e+02
2.013279052734375000e+03 -2.910845416865777224e+01
2.013299865722656250e+03 -2.786036145418183878e+02
2.013320739746093750e+03 1.181928730860818177e+01
2.013341552734375000e+03 4.576872695027850568e+01
2.013362365722656250e+03 2.935519178614486009e+02
2.013383239746093750e+03 3.574055420015938580e+02
2.013404052734375000e+03 1.068398702197009698e+02
2.013424865722656250e+03 -1.820549392116954550e+02
2.013445739746093750e+03 1.745878425973933190e+02
2.013466552734375000e+03 -2.224651521258056164e+01
2.013487365722656250e+03 -6.078114979148376733e+02
2.013508239746093750e+03 -5.116568905435269699e+02
2.013529052734375000e+03 4.063668453481514007e+02
2.013549865722656250e+03 -6.788754017791943625e+02
2.013570739746093750e+03 -5.887327002142556012e+02
2.013591552734375000e+03 -5.595687969819409773e+02
2.013612365722656250e+03 2.918642656952142715e+02
2.013633239746093750e+03 -5.434084535383153707e+02
2.013654052734375000e+03 -1.034325743478257209e+01
2.013674865722656250e+03 3.441300603476120159e+02
2.013695739746093750e+03 6.271605461252620444e+02
2.013716552734375000e+03 3.688328667036257684e+02
2.013737365722656250e+03 1.450392075066920370e+02
2.013758239746093750e+03 8.278589488875586540e+02
2.013779052734375000e+03 8.645717588244006038e+02
2.013799865722656250e+03 3.834187525087036192e+02
2.013820739746093750e+03 2.062204793849959970e+02
2.013841552734375000e+03 6.121220806596102193e+02
2.013862365722656250e+03 2.567474023551912978e+02
2.013883239746093750e+03 4.060909569039940834e+02
2.013904052734375000e+03 -4.888016191606875509e+02
2.013924865722656250e+03 4.107489883690141141e+01
2.013945739746093750e+03 -2.342303981378208846e+02
2.013966552734375000e+03 -8.891682645939290524e+02
2.013987365722656250e+03 -5.904082992895273492e+02
2.014008239746093750e+03 -8.943091632204595953e+01
2.014029052734375000e+03 -6.614178480188129470e+02
2.014049865722656250e+03 -4.891964929512469098e+02
2.014070739746093750e+03 -4.419586418202379718e+02
2.014091552734375000e+03 -1.947495080516673625e+02
2.014112365722656250e+03 3.782994131923187524e+02
2.014133239746093750e+03 1.386138939182274044e+01
2.014154052734375000e+03 3.089932969073997810e+02
2.014174865722656250e+03 -2.174686729020904750e+02
2.014195739746093750e+03 -3.372404697374440730e+01
2.014216552734375000e+03 6.888981959167867899e+02
2.014237365722656250e+03 5.518756639270577580e+02
2.014258239746093750e+03 -2.446794859822839499e+02
2.014279052734375000e+03 3.080966534424806014e+02
2.014299865722656250e+03 7.638924112702952698e+02
2.014320739746093750e+03 4.311998569946736097e+02
2.014341552734375000e+03 2.764621952098095790e+02
2.014362365722656250e+03 2.749431449561379850e+02
2.014383239746093750e+03 9.044559542011702433e+02
2.014404052734375000e+03 9.359355041318340227e+02
2.014424865722656250e+03 2.232281971640186384e+02
2.014445739746093750e+03 3.665792257616994902e+02
2.014466552734375000e+03 4.759905086643993855e+02
2.014487365722656250e+03 -6.038320767540717497e+02
2.014508239746093750e+03 1.215601586468983442e+02
2.014529052734375000e+03 8.460306934895925224e+00
2.014549865722656250e+03 2.484907838155049831e+01
2.014570739746093750e+03 6.243756417485419661e+02
2.014591552734375000e+03 -4.192380958003923297e+01
2.014612365722656250e+03 5.517403444048250094e+02
2.014633239746093750e+03 5.825520395238418132e+02
2.014654052734375000e+03 3.644663391233189031e+02
2.014674865722656250e+03 6.189674417233327404e+02
2.014695739746093750e+03 2.640269664032384753e+02
2.014716552734375000e+03 4.454542621291475371e+02
2.014737365722656250e+03 2.646543130775680766e+02
2.014758239746093750e+03 1.249282433230197057e+03
2.014779052734375000e+03 6.379802447643596679e+02
2.014799865722656250e+03 2.995634063053876162e+01
2.014820739746093750e+03 7.698804075398948044e+02
2.014841552734375000e+03 -1.160555005175992846e+02
2.014862365722656250e+03 5.878870105383684859e+02
2.014883239746093750e+03 2.676873381313635036e+02
2.014904052734375000e+03 1.446126474497141317e+02
2.014924865722656250e+03 -5.850885656331665814e+02
2.014945739746093750e+03 1.257164595379726961e+02
2.014966552734375000e+03 -8.803319584904238582e+01
2.014987365722656250e+03 -6.372891314851585776e+01
2.015008239746093750e+03 3.391840176463592798e+02
2.015029052734375000e+03 -1.103933688618708402e+02
2.015049865722656250e+03 -3.027587701937882230e+02
2.015070739746093750e+03 2.527118763923645020e+02
2.015091552734375000e+03 -4.090693052530987188e+02
2.015112365722656250e+03 -3.010887733349809423e+02
2.015133239746093750e+03 -6.319223190816119313e+02
2.015154052734375000e+03 6.881867430778220296e+01
2.015174865722656250e+03 -7.971451128900516778e+02
2.015195739746093750e+03 -9.428565063533606008e+02
2.015216552734375000e+03 -4.001672494228696451e+02
2.015237365722656250e+03 6.091165489122504368e+02
2.015258239746093750e+03 -3.433286162615986541e+02
2.015279052734375000e+03 -5.116495720625389367e+02
2.015299865722656250e+03 -1.727318064467981458e+02
2.015320739746093750e+03 -5.272440799837931991e+02
2.015341552734375000e+03 -5.877151382293086499e+02
2.015362365722656250e+03 -8.773030209576245397e+01
2.015383239746093750e+03 -1.794892763395328075e+02
2.015404052734375000e+03 -9.179889392930781469e+02
2.015424865722656250e+03 1.940077907928498462e+02
2.015445739746093750e+03 -1.137771976735559292e+03
2.015466552734375000e+03 -8.532557290508411825e+02
2.015487365722656250e+03 -7.048235706319101155e+02
2.015508239746093750e+03 -1.480543590219458565e+02
2.015529052734375000e+03 3.268009045489598066e+02
2.015549865722656250e+03 1.019342230206821114e+02
2.015570739746093750e+03 3.900745591464219615e+02
2.015591552734375000e+03 2.870908237547846511e+02
2.015612365722656250e+03 8.206586121467407793e+02
2.015633239746093750e+03 6.899714534699451178e+02
2.015654052734375000e+03 7.707096340401330963e+02
2.015674865722656250e+03 6.309562570356065407e+02
2.015695739746093750e+03 7.711798591306433082e+01
2.015716552734375000e+03 1.535399876874871552e+02
2.015737365722656250e+03 -3.153775092886062339e+02
2.015758239746093750e+03 -2.533120090471347794e+02
2.015779052734375000e+03 2.112829976037610322e+02
2.015799865722656250e+03 -2.615906312647275627e+02
2.015820739746093750e+03 -7.834014880401082337e+01
2.015841552734375000e+03 2.983961643072543666e+02
2.015862365722656250e+03 -1.884170162454247475e+02
2.015883239746093750e+03 -3.793997787870466709e+00
2.015904052734375000e+03 2.751006198058603331e+02
2.015924865722656250e+03 9.161109995422884822e+01
2.015945739746093750e+03 2.713073439232539386e+02
2.015966552734375000e+03 -8.209646013159072027e+02
2.015987365722656250e+03 -3.958156013878760859e+02
2.016008239746093750e+03 -4.666277098711580038e+02
2.016029052734375000e+03 -7.711500196531414986e+01
2.016049865722656250e+03 -3.539349443196551874e+02
2.016070739746093750e+03 1.930874637477099895e+02
2.016091552734375000e+03 1.382075755103724077e+02
2.016112365722656250e+03 8.884429317933972925e+01
2.016133239746093750e+03 2.540984155669575557e+02
2.016154052734375000e+03 1.241413103202357888e+02
2.016174865722656250e+03 1.428776763309724629e+02
2.016195739746093750e+03 9.270099021552596241e+01
2.016216552734375000e+03 4.924710716778645292e+02
2.016237365722656250e+03 4.278204980875598267e+02
2.016258239746093750e+03 4.937139432027470320e+01
2.016279052734375000e+03 3.450186214490095153e+02
2.016299886067708258e+03 5.180991275412961841e+02
2.016320739746093750e+03 6.913707971527474001e+02
2.016341552734375000e+03 7.578501464669825509e+02
2.016362365722656250e+03 -1.842069681386929005e+02
2.016383239746093750e+03 1.677231642211554572e+02
2.016404052734375000e+03 -1.263387910120654851e+02
2.016424865722656250e+03 1.652038600799860433e+02
2.016445739746093750e+03 -5.421389945957344025e+01
2.016466552734375000e+03 4.181980095624458045e+02
2.016487365722656250e+03 2.180630927333841100e+02
2.016508239746093750e+03 -3.354948511037509888e+02
2.016529052734375000e+03 2.007376240604789928e+02
2.016549865722656250e+03 2.232321811118163168e+02
2.016570739746093750e+03 -1.034999889575410634e+02
2.016591552734375000e+03 1.934229575200006366e+02
2.016612365722656250e+03 1.750291662163799629e+02
2.016633239746093750e+03 -2.481521451212465763e+02
2.016654052734375000e+03 -7.207546348369214684e+01
2.016674865722656250e+03 -5.977944612691644579e+02
2.016695739746093750e+03 -7.320857375174527988e+02
2.016716552734375000e+03 -6.261153811811236665e+02
2.016737365722656250e+03 -9.999158291658386588e+01
2.016758239746093750e+03 -5.121018888853723183e+02
2.016779052734375000e+03 -6.211649073663866147e+02
2.016799865722656250e+03 -6.520946361492387950e+02
2.016820739746093750e+03 4.450883011748082936e+02
2.016841552734375000e+03 -9.550924110633786768e+01
2.016862365722656250e+03 9.526037898648064584e+01
2.016883239746093750e+03 -5.517022081896429881e+02
2.016904052734375000e+03 1.071452157087624073e+02
2.016924865722656250e+03 3.918557342673884705e+02
2.016945739746093750e+03 9.313293888350017369e+00
2.016966552734375000e+03 1.150271186645957641e+03
2.016987365722656250e+03 -1.019532897189492360e+02
2.017008239746093750e+03 8.400804079906083643e+01
2.017029052734375000e+03 2.003857284007826820e+02
2.017049865722656250e+03 -8.231571090663783252e+01
2.017070739746093750e+03 -6.480837259823456407e+02
2.017091552734375000e+03 9.213303667376749218e+00
2.017112365722656250e+03 -1.219875646843574941e+02
2.017133239746093750e+03 -2.484086711172712967e+02
2.017154052734375000e+03 -4.982199052998330444e+02
2.017174865722656250e+03 -3.387203872648533434e+02
2.017195739746093750e+03 -1.058034942247089930e+03
2.017216552734375000e+03 -1.736691873209783807e+02
2.017237365722656250e+03 -5.012853978690691292e+01
2.017258239746093750e+03 1.919123269243864343e+02
2.017279052734375000e+03 -1.747922746443655342e+02
2.017299865722656250e+03 1.546038891732459888e+02
2.017320739746093750e+03 -4.619826024847570807e+02
2.017341552734375000e+03 2.615006945300847292e+02
2.017362365722656250e+03 4.582961956860963255e+02
2.017383239746093750e+03 2.478305059421109036e+02
2.017404052734375000e+03 1.021814694234635681e+03
2.017424865722656250e+03 4.654582269066013396e+02
2.017445739746093750e+03 1.918576615967322141e+01
2.017466552734375000e+03 6.039673530729487538e+02
2.017487365722656250e+03 5.501778331270907074e+02
2.017508239746093750e+03 5.699094761497108266e+02
2.017529052734375000e+03 9.494562669389415532e+01
2.017549865722656250e+03 -4.551619411078281701e+02
2.017570739746093750e+03 3.904449148478452116e+02
2.017591552734375000e+03 3.651706358662340790e+01
2.017612365722656250e+03 -1.096533595143118873e+02
2.017633239746093750e+03 3.956895840367069468e+02
2.017654052734375000e+03 2.033809050234267488e+02
2.017674926757812500e+03 2.408873249384341761e+02
2.017695739746093750e+03 3.469167240229435265e+02
2.017716613769531250e+03 6.552930774597916752e+02
2.017737426757812500e+03 4.167798299487913027e+02
2.017758239746093750e+03 7.166156340261222795e+02
2.017779113769531250e+03 7.377715371185913682e+02
2.017799926757812500e+03 3.215729962938930839e+02
2.017820739746093750e+03 -8.953955392788629979e+02
2.017841613769531250e+03 -2.645831615352071822e+02
2.017862426757812500e+03 -6.904256866895593703e+00
2.017883239746093750e+03 -6.171646547167329118e+02
2.017904113769531250e+03 -2.002811420101206750e+02
2.017924926757812500e+03 -3.345394404458347708e+02
2.017945739746093750e+03 -3.244675680849468336e+02
2.017966613769531250e+03 -7.177387380660511553e+02
2.017987426757812500e+03 -3.344057069682748988e+02
2.018008239746093750e+03 -9.680793486337643117e+01
2.018029113769531250e+03 -5.282187236694153398e+01
2.018049926757812500e+03 3.792445188182173297e+02
2.018070739746093750e+03 2.775779793753754348e+02
2.018091613769531250e+03 -3.085152625543996692e+02
2.018112426757812500e+03 5.145635514156892896e+02
2.018133239746093750e+03 7.552238466765265912e+01
2.018154113769531250e+03 -8.894151755018392578e+02
2.018174926757812500e+03 1.220120607583085075e+02
2.018195739746093750e+03 -5.684445279468782246e+02
2.018216613769531250e+03 -1.126742443723720498e+03
2.018237426757812500e+03 -6.270060951157938689e+02
2.018258239746093750e+03 -7.290091134672984481e+02
2.018279113769531250e+03 2.818240171018987894e+01
2.018299926757812500e+03 -2.506312157367356122e+02
2.018320739746093750e+03 -3.799667782624019310e+02
2.018341613769531250e+03 1.419044756538933143e+02
2.018362426757812500e+03 -2.355715608295286074e+02
2.018383239746093750e+03 -4.910147824219893664e+01
2.018404113769531250e+03 -3.090050768211949617e+02
2.018424926757812500e+03 -7.646031452894676477e+02
2.018445739746093750e+03 3.161164591773413122e+02
2.018466613769531250e+03 -5.837957161210943013e+01
2.018487426757812500e+03 3.001891172389732674e+02
2.018508239746093750e+03 -1.087812897275434807e+02
2.018529113769531250e+03 -1.101090637093409896e+03
2.018549926757812500e+03 -1.468447088296525180e+02
2.018570739746093750e+03 2.886928386057261378e+02
2.018591613769531250e+03 -9.175324321957305074e+01
2.018612426757812500e+03 -3.042991972657619044e+02
2.018633239746093750e+03 -3.821873217272805050e+02
2.018654113769531250e+03 -5.823867943213554099e+02
2.018674926757812500e+03 -1.883535086226183921e+02
2.018695739746093750e+03 9.630619511486729607e+02
2.018716613769531250e+03 4.735185308757936582e+02
2.018737426757812500e+03 5.813287845366867259e+02
2.018758239746093750e+03 1.087035277025308460e+03
2.018779113769531250e+03 6.759863652029307559e+02
2.018799926757812500e+03 5.938826564942719415e+02
2.018820739746093750e+03 7.893342518289573491e+02
2.018841613769531250e+03 6.862249714070931077e+02
2.018862426757812500e+03 1.092817307100631297e+03
2.018883239746093750e+03 1.147514926046133041e+02
2.018904113769531250e+03 -4.131384786474518478e+01
2.018924926757812500e+03 2.449425278133712709e+02
2.018945739746093750e+03 1.620369565213331953e+02
2.018966613769531250e+03 4.365980647940887138e+02
2.018987426757812500e+03 1.702269364321837202e+02
2.019008239746093750e+03 3.303114598155952990e+02
2.019029113769531250e+03 2.200805168988881633e+02
2.019049926757812500e+03 2.481528859178069979e+02
2.019070739746093750e+03 -4.003087989485356957e+02
2.019091613769531250e+03 -1.253296423042193055e+02
2.019112426757812500e+03 -1.307222489961422980e+02
2.019133239746093750e+03 3.125573385743191466e+02
2.019154113769531250e+03 -2.094430750646861270e+02
2.019174926757812500e+03 -3.588269050702219829e+02
2.019195739746093750e+03 -3.707216406062943861e+02
2.019216613769531250e+03 7.156146721751429141e+01
2.019237426757812500e+03 -3.229016624775249511e+01
2.019258239746093750e+03 5.669105895407265052e+02
2.019279113769531250e+03 -1.046503219947917387e+02
2.019299926757812500e+03 -1.691001924491720274e+02
2.019320739746093750e+03 1.372434590716147795e+02
2.019341613769531250e+03 -1.939569140734383836e+02
2.019362426757812500e+03 3.566895624715834856e+01
2.019383239746093750e+03 -2.756769011126598343e+02
2.019404113769531250e+03 5.358261139022652060e+02
2.019424926757812500e+03 -4.676817981759086251e+01
2.019445739746093750e+03 -6.748441457202425227e+02
2.019466613769531250e+03 -6.614839381728088483e+02
2.019487426757812500e+03 -7.086332556521520019e+02
2.019508239746093750e+03 -1.108150548449833877e+03
2.019529113769531250e+03 -3.626851258180104196e+02
2.019549926757812500e+03 -5.046905292437877506e+02
2.019570739746093750e+03 -3.726189148391131312e+02
2.019591613769531250e+03 3.972275510736508295e+02
2.019612426757812500e+03 3.712291281942743808e+02
2.019633239746093750e+03 8.733796179678756744e+01
2.019654113769531250e+03 -1.077898131946567446e+02
2.019674926757812500e+03 9.017777805225923657e+02
2.019695739746093750e+03 4.781725538907339796e+02
2.019716613769531250e+03 -1.049916888130828738e+02
2.019737426757812500e+03 -1.047986627439968288e+02
2.019758239746093750e+03 -5.815076597151346505e+00
2.019779113769531250e+03 9.553454883862286806e+00
2.019799926757812500e+03 -5.267377604981884360e+02
2.019820739746093750e+03 -9.132568742202129215e+02
2.019841613769531250e+03 -6.988344754758290946e+02
2.019862426757812500e+03 -6.401106512952828780e+02
2.019883239746093750e+03 -3.324314722734270617e+02
2.019904113769531250e+03 -4.658847813335014507e+02
2.019924926757812500e+03 -1.020081331961671822e+03
2.019945739746093750e+03 -1.069316556516801938e+03
2.019966613769531250e+03 -1.347314058188931085e+03
2.019987426757812500e+03 -8.579127465079072863e+02
2.020008239746093750e+03 -6.898966284564230591e+02
2.020029113769531250e+03 -4.298041263553313911e+02
2.020049926757812500e+03 -1.377770258926786482e+03
2.020070739746093750e+03 -4.598132446011295542e+02
2.020091613769531250e+03 -3.525185216804966331e+02
2.020112426757812500e+03 8.625141749985050410e+01
2.020133239746093750e+03 3.056493206697050482e+02
2.020154113769531250e+03 -2.057560557774268091e+02
2.020174926757812500e+03 -2.516578008966753259e+02
2.020195739746093750e+03 1.384984217766905203e+02
2.020216613769531250e+03 4.032130783740431070e+02
2.020237426757812500e+03 7.348279235742520541e+02
2.020258239746093750e+03 -1.985758246039040387e+00
2.020279113769531250e+03 -1.664620393528603017e+02
2.020299926757812500e+03 -2.088595594892976806e+02
2.020320739746093750e+03 2.742830720181809738e+02
2.020341613769531250e+03 -9.706162578926887363e+01
2.020362426757812500e+03 1.419593694306677207e+02
2.020383239746093750e+03 -4.112824331359006464e+02
2.020404113769531250e+03 -7.268897681792732328e+02
2.020424926757812500e+03 -5.200593528157332912e+02
2.020445739746093750e+03 -7.802163019228028134e+02
2.020466613769531250e+03 1.483256251978455111e+02
2.020487426757812500e+03 -2.194520657613174990e+02
2.020508239746093750e+03 1.535916872406378388e+02
2.020529113769531250e+03 -4.204008005209034309e+02
2.020549926757812500e+03 8.581780080115422606e+02
2.020570739746093750e+03 -2.583015406600898132e+02
2.020591613769531250e+03 6.296725540702464059e+02
2.020612426757812500e+03 1.142442553722066805e+02
2.020633239746093750e+03 3.360351272716652602e+02
2.020654113769531250e+03 6.754755540768383071e+02
2.020674926757812500e+03 5.829105679815402254e+02
2.020695739746093750e+03 -8.036121927329804748e+01
2.020716613769531250e+03 2.851676326172892004e+02
2.020737426757812500e+03 4.830396672239294276e+02
2.020758239746093750e+03 5.927500099561875686e+02
2.020779113769531250e+03 4.970745891431579366e+02
2.020799926757812500e+03 8.302658480472164229e+02
2.020820739746093750e+03 1.360970304177608341e+02
2.020841613769531250e+03 5.001682102608028799e+02
2.020862426757812500e+03 1.002946718667051755e+03
2.020883239746093750e+03 -1.941995843601180241e+02
2.020904113769531250e+03 3.793927870846819133e+02
2.020924926757812500e+03 7.927842519613914192e+02
2.020945739746093750e+03 6.869197817924432456e+02
2.020966613769531250e+03 2.307469986068317667e+02
2.020987426757812500e+03 8.598996494179591537e+02
2.021008239746093750e+03 9.842640138340648264e+02
2.021029113769531250e+03 6.516667906001675874e+02
2.021049926757812500e+03 4.301109959918539971e+02
2.021070739746093750e+03 3.660107668117852882e+02
2.021091613769531250e+03 7.754501573126763105e+02
2.021112426757812500e+03 7.760169897631276399e+02
2.021133239746093750e+03 8.491090650201076642e+02
2.021154113769531250e+03 2.855812475244747475e+02
2.021174926757812500e+03 6.774220207289326936e+02
2.021195739746093750e+03 1.205181780345155858e+03
2.021216613769531250e+03 4.894192614727653563e+02
2.021237426757812500e+03 8.677821097937412560e+02
2.021258239746093750e+03 2.856068038739031181e+02
2.021279113769531250e+03 2.264192250336054713e+01
2.021299926757812500e+03 5.915876579190371558e+02
2.021320739746093750e+03 7.470823054158827290e+02
2.021341613769531250e+03 7.658150545188691467e+02
2.021362426757812500e+03 5.465082229258259758e+02
2.021383239746093750e+03 4.310010159297380596e+02
2.021404113769531250e+03 2.407126224114326760e+02
2.021424926757812500e+03 8.485817550272913650e+02
2.021445739746093750e+03 2.879685350526124239e+02
2.021466613769531250e+03 7.513518939379137009e+02
2.021487426757812500e+03 -5.134275798297021538e+02
2.021508239746093750e+03 5.675283935655606911e+02
2.021529113769531250e+03 4.263463265745667741e+02
2.021549926757812500e+03 6.727759713119594380e+02
2.021570739746093750e+03 -1.487174496435327455e+02
2.021591613769531250e+03 2.772992473610211164e+02
2.021612426757812500e+03 -2.419132321673678234e+02
2.021633239746093750e+03 5.535371885651256889e+02
2.021654113769531250e+03 -2.530805971471127123e+02
2.021674926757812500e+03 -6.395688627827912569e+02
2.021695739746093750e+03 3.200994200913701206e+02
2.021716613769531250e+03 -7.236599413448711857e+02
2.021737426757812500e+03 -4.471078364957356825e+02
2.021758239746093750e+03 -5.671279044842813164e+02
2.021779113769531250e+03 3.175839925860054791e+01
2.021799926757812500e+03 1.230417053846176714e+02
2.021820739746093750e+03 -1.214159545605070889e+00
2.021841613769531250e+03 -2.181155733373016119e+02
2.021862426757812500e+03 -5.637515505661722273e+02
2.021883239746093750e+03 -6.447559855727013201e+01
2.021904113769531250e+03 3.739133934730198234e+02
2.021924926757812500e+03 -7.012653894212562591e+02
2.021945739746093750e+03 -1.041953887062962167e+03
2.021966613769531250e+03 -1.388619333891081624e+03
2.021987426757812500e+03 -1.027483872318058275e+03
2.022008239746093750e+03 -1.276904729551635683e+03
2.022029113769531250e+03 -6.306725572638679296e+02
2.022049926757812500e+03 -2.110421419672202319e+02
2.022070739746093750e+03 -4.525738861649297178e+02
2.022091613769531250e+03 -3.167457614644663408e+02
2.022112426757812500e+03 -8.992462085275910795e+02
2.022133239746093750e+03 -3.835187840459402651e+02
2.022154073079427008e+03 -4.686919835064327344e+02
2.022174926757812500e+03 -5.539877415440278128e+02
2.023133300781250000e+03 2.633931261521065608e+02
2.023154113769531250e+03 -4.007849072267999873e+02
2.023174987792968750e+03 2.366080508144805208e+02
2.023195800781250000e+03 -4.496305694418260828e+02
2.023216613769531250e+03 3.175541711179539561e+01
2.023237487792968750e+03 3.670423886869102716e+02
2.023258300781250000e+03 5.565167463837424293e+02
2.023279113769531250e+03 3.917079609772190452e+01
2.023299987792968750e+03 -3.887657443470088765e+02
2.023320800781250000e+03 1.437518183887004852e+01
2.023341613769531250e+03 2.431232939411420375e+02
2.023362487792968750e+03 -2.218731080960715190e+02
2.023383300781250000e+03 -4.977582150902599096e+02
2.023404113769531250e+03 -5.351095578604144976e+02
2.023424987792968750e+03 1.534688340709544718e+02
2.023445800781250000e+03 7.224780734479427338e+02
2.023466613769531250e+03 5.221133165914798155e+02
2.023487487792968750e+03 -1.254394522153306752e+02
2.023508300781250000e+03 7.062883715331554413e+01
2.023529113769531250e+03 -1.708999139697989449e+02
2.023549987792968750e+03 -6.252017382532358170e+00
2.023570800781250000e+03 -1.795785024322103709e+02
2.023591613769531250e+03 1.689542046003043652e+02
2.023612487792968750e+03 -4.040452694296836853e+02
2.023633300781250000e+03 -3.920309601542539895e+02
2.023654113769531250e+03 -7.358825636559631675e+02
2.023674987792968750e+03 1.158081685332581401e+02
2.023695800781250000e+03 -2.341015229374170303e+01
2.023716613769531250e+03 4.204173849510261789e+02
2.023737487792968750e+03 -1.600278560240985826e+02
2.023758300781250000e+03 -2.435564336902461946e+01
2.023779113769531250e+03 1.739715866118203849e+02
2.023799987792968750e+03 3.980499080296140164e+02
2.023820800781250000e+03 6.177924633258953691e+00
2.023841613769531250e+03 2.967920085929799825e+02
2.023862487792968750e+03 -3.976970980328042060e+01
2.023883300781250000e+03 5.753201946408953518e+02
2.023904113769531250e+03 7.738383440279867500e+02
2.023924987792968750e+03 7.609055147831095383e+02
2.023945800781250000e+03 8.639995756924618036e+02
2.023966613769531250e+03 8.103077087409328669e+02
2.023987487792968750e+03 2.878546141335973516e+02
2.024008300781250000e+03 1.548494602849241346e+02
2.024029113769531250e+03 4.502180216187844053e+02
2.024049987792968750e+03 3.829535761028528214e+02
2.024070800781250000e+03 2.788821758816484362e+02
2.024091613769531250e+03 3.845039627775549889e+02
2.024112487792968750e+03 -6.248479752056300640e+01
2.024133300781250000e+03 -6.972386395423673093e+02
2.024154113769531250e+03 -8.119728004385251552e+01
2.024174987792968750e+03 -3.071596394842490554e+02
2.024195800781250000e+03 -7.226868808455765247e+01
2.024216613769531250e+03 -1.422545890160836279e+01
2.024237487792968750e+03 -3.427810373271349818e+02
2.024258300781250000e+03 -1.277789793170522898e+02
2.024279113769531250e+03 -3.077412618836387992e+02
2.024299987792968750e+03 -2.549112527541583404e+02
2.024320800781250000e+03 5.062935192761942744e+02
2.024341613769531250e+03 -1.002694350435631350e+02
2.024362487792968750e+03 -2.036928137070499361e+02
2.024383300781250000e+03 7.730196344376308843e+02
2.024404113769531250e+03 -1.190188033945159987e+02
2.024424987792968750e+03 4.534152753677917644e+02
2.024445800781250000e+03 1.833341531777987257e+02
2.024466613769531250e+03 -2.962175475194817409e+02
2.024487487792968750e+03 3.089130970754195005e+02
2.024508300781250000e+03 -4.278090385512914509e+02
2.024529113769531250e+03 3.853430545887676999e+02
2.024549987792968750e+03 1.013486617619637400e+02
2.024570800781250000e+03 -7.149793126075528562e+02
2.024591613769531250e+03 -4.073694912968203425e+02
2.024612487792968750e+03 -8.144922858126228675e+02
2.024633300781250000e+03 1.313665851724799722e+02
2.024654113769531250e+03 -4.519130659190705046e+02
2.024674987792968750e+03 -5.171052698699058965e+02
2.024695800781250000e+03 -2.889341186609817669e+02
2.024716613769531250e+03 4.329674676742870361e+02
2.024737487792968750e+03 -3.468640869674272835e+02
2.024758300781250000e+03 -5.899593302712310106e+02
2.024779113769531250e+03 1.349401591792702675e+02
2.024799987792968750e+03 -1.781003018240444362e+02
2.024820800781250000e+03 -4.470580879015615210e+02
2.024841613769531250e+03 -1.085238818931160495e+03
2.024862487792968750e+03 -2.155796081778826192e+02
2.024883300781250000e+03 -6.571804300898220390e+02
2.024904113769531250e+03 -4.962844584462000057e+02
2.024924987792968750e+03 -6.733256775721674785e+02
2.024945800781250000e+03 1.101164446049369872e+01
2.024966613769531250e+03 -7.013403168425429612e+02
2.024987487792968750e+03 5.383997902111150324e+01
2.025008300781250000e+03 -4.759142252526944503e+02
2.025029113769531250e+03 -1.341493715828983113e+02
2.025049987792968750e+03 4.086611329101724550e+02
2.025070800781250000e+03 -3.975036556287668645e+02
2.025091613769531250e+03 1.053989810191560537e+02
2.025112487792968750e+03 1.725804570959880948e+02
2.025133300781250000e+03 4.045605302379699424e+02
2.025154113769531250e+03 -1.405968509007943794e+02
2.025174987792968750e+03 -5.623064797739498317e+02
2.025195800781250000e+03 -6.807240050463005900e+02
2.025216613769531250e+03 -6.895952088355552405e+02
2.025237487792968750e+03 -3.096814616512274370e+02
2.025258300781250000e+03 -4.125107874934328720e+02
2.025279113769531250e+03 -4.362043724644463509e+02
2.025299987792968750e+03 7.829141126864124089e+01
2.025320800781250000e+03 -7.480180380187230185e+02
2.025341613769531250e+03 1.658688026383752003e+02
2.025362487792968750e+03 -6.108912800287362188e+01
2.025383300781250000e+03 1.790332144484855235e+02
2.025404113769531250e+03 -1.430225857729092240e+02
2.025424987792968750e+03 1.553302420070394874e-01
2.025445800781250000e+03 -1.834870775812305510e+00
2.025466613769531250e+03 -1.714573968277545646e+02
2.025487487792968750e+03 -1.084301309209200554e+03
2.025508300781250000e+03 2.513833926696097478e+02
2.025529113769531250e+03 -4.226508280860725790e+02
2.025549987792968750e+03 5.097963392909150571e+01
2.025570800781250000e+03 -4.291861087037250400e+01
2.025591613769531250e+03 -7.255364156457362697e+02
2.025612487792968750e+03 -6.189481947368476540e+02
2.025633300781250000e+03 -6.598051945426268503e+02
2.025654113769531250e+03 -3.763984095437917858e+02
2.025674987792968750e+03 -5.231056050973711535e+02
2.025695800781250000e+03 -5.902025998302269727e+01
2.025716613769531250e+03 -7.719333455882733688e+02
2.025737487792968750e+03 -4.671995437331497669e+02
2.025758300781250000e+03 -5.778959424898494035e+02
2.025779113769531250e+03 3.792546461950987577e+02
2.025799987792968750e+03 5.581095416097668931e+02
2.025820800781250000e+03 -1.132581722992472351e+01
2.025841613769531250e+03 -4.907878876873292029e+01
2.025862487792968750e+03 4.408620766954263672e+02
2.025883300781250000e+03 -1.652697633488569409e+02
2.025904113769531250e+03 -6.896038863067515194e+02
2.025924987792968750e+03 -1.975583585397107527e+02
2.025945800781250000e+03 -1.148076559440232813e+02
2.025966613769531250e+03 1.179266680853907019e+02
2.025987487792968750e+03 -9.035455358296167105e+01
2.026008300781250000e+03 1.313857459157006815e+02
2.026029174804687500e+03 4.293876888852100819e+02
2.026049987792968750e+03 3.233184196975780651e+02
2.026070861816406250e+03 -5.013604511524317786e+02
2.026091674804687500e+03 -7.470281555168330669e+02
2.026112487792968750e+03 1.634188774707727134e+02
2.026133361816406250e+03 -3.994223483534296975e+02
2.026154174804687500e+03 -5.464835357426200062e+02
2.026174987792968750e+03 1.279653992649400607e+02
2.026195861816406250e+03 -4.105137818320654333e+02
2.026216674804687500e+03 1.598088494443800300e+02
2.026237487792968750e+03 -8.571002582937944680e+01
2.026258361816406250e+03 -5.529987087940098718e+02
2.026279174804687500e+03 -1.260590505490545183e+02
2.026299987792968750e+03 4.039760908955940977e+02
2.026320861816406250e+03 4.378982426133006811e-01
2.026341674804687500e+03 1.028225678682792932e+02
2.026362487792968750e+03 6.898886416227323934e+02
2.026383361816406250e+03 4.286720965511631221e+02
2.026404174804687500e+03 4.783207261032657698e+02
2.026424987792968750e+03 2.606360032496741042e+02
2.026445861816406250e+03 7.327947101203026250e+02
2.026466674804687500e+03 1.127206973315565847e+03
2.026487487792968750e+03 1.194361396524123847e+03
2.026508361816406250e+03 1.068427224288810976e+03
2.026529174804687500e+03 7.980697649769717827e+02
2.026549987792968750e+03 1.064539781071478501e+03
2.026570861816406250e+03 3.527761270070914179e+02
2.026591674804687500e+03 3.346710631119785830e+02
2.026612487792968750e+03 -3.874400432114489377e+02
2.026633361816406250e+03 -5.345876628538826481e+02
2.026654174804687500e+03 -7.122949242632603273e+02
2.026674987792968750e+03 -2.990966326849302277e+02
2.026695861816406250e+03 -6.091886777000036091e+01
2.026716674804687500e+03 -1.271067998455837369e+02
2.026737487792968750e+03 -6.981939100769814104e+02
2.026758361816406250e+03 1.395500926078530028e+02
2.026779174804687500e+03 4.692233230888377875e+02
2.026799987792968750e+03 9.174626657983753830e+01
2.026820861816406250e+03 9.742881410697009414e+02
2.026841674804687500e+03 2.985226357718929648e+02
2.026862487792968750e+03 1.057425077368738130e+03
2.026883361816406250e+03 7.391602248728740960e+02
2.026904174804687500e+03 5.292405516210710630e+02
2.026924987792968750e+03 7.052863494305638596e+02
2.026945861816406250e+03 1.206556917601265013e+02
2.026966674804687500e+03 9.136061512818560004e+01
2.026987487792968750e+03 -1.460340648975688964e+02
2.027008361816406250e+03 -2.375075387166580185e+02
2.027029174804687500e+03 1.715596499852836132e-01
2.027049987792968750e+03 9.194668438207590953e+02
2.027070861816406250e+03 6.157646213835105300e+02
2.027091674804687500e+03 -3.965216068853624165e+02
2.027112487792968750e+03 2.620616933869896457e+02
2.027133361816406250e+03 1.205329662417061627e+02
2.027154174804687500e+03 -6.389268178131897002e+01
2.027174987792968750e+03 -2.415326446403050795e+02
2.027195861816406250e+03 4.664852478054817766e+02
2.027216674804687500e+03 3.470653225712012500e+02
2.027237487792968750e+03 -2.708741724925348535e+02
2.027258361816406250e+03 4.145672424182994291e+02
2.027279174804687500e+03 2.397136604578699917e+02
2.027299987792968750e+03 -1.977843387103639543e+02
2.027320861816406250e+03 1.226357384418370202e+02
2.027341674804687500e+03 -2.488749587284401059e+02
2.027362487792968750e+03 8.463855281594442204e+02
2.027383361816406250e+03 -2.306296407092595473e+02
2.027404174804687500e+03 -7.726018272941000760e+02
2.027424987792968750e+03 1.400086267365841195e+02
2.027445861816406250e+03 2.387705429510679096e+02
2.027466674804687500e+03 8.370260952122043818e+02
2.027487487792968750e+03 1.343925905129872262e+02
2.027508361816406250e+03 -3.544476069014053792e+02
2.027529174804687500e+03 -2.429900391720002517e+02
2.027549987792968750e+03 7.713483833812642843e+01
2.027570861816406250e+03 4.469545635861577466e+02
2.027591674804687500e+03 3.887638242420507595e+02
2.027612487792968750e+03 1.875603731092996895e+01
2.027633361816406250e+03 3.846057365764863789e+00
2.027654174804687500e+03 -2.089406728232279420e+02
2.027674987792968750e+03 -1.750580585357965901e+02
2.027695861816406250e+03 9.453806986561976373e+02
2.027716674804687500e+03 4.247330852842424065e+01
2.027737487792968750e+03 1.301731620595557615e+03
2.027758361816406250e+03 5.814139603707008064e+02
2.027779174804687500e+03 5.708122532941633835e+02
2.027799987792968750e+03 1.165761275381315500e+03
2.027820861816406250e+03 7.528951317338505760e+02
2.027841674804687500e+03 9.947305600681575015e+02
2.027862487792968750e+03 1.132214948863256723e+02
2.027883361816406250e+03 4.880948223777813837e+02
2.027904174804687500e+03 -2.955457259994000196e+01
2.027924987792968750e+03 1.958497212629299611e+02
2.027945861816406250e+03 5.430361877125687897e+02
2.027966674804687500e+03 1.050909730084240437e+02
2.027987487792968750e+03 -3.470590176301775500e+02
2.028008361816406250e+03 8.691482304036617279e+01
2.028029174804687500e+03 -2.831808177753118798e+02
2.028049987792968750e+03 -7.222952223656466231e+02
2.028070861816406250e+03 -2.312250816775485873e+01
2.028091674804687500e+03 8.193226482438622043e+02
2.028112487792968750e+03 -3.291938516783993691e+02
2.028133361816406250e+03 1.813494164774892852e+02
2.028154174804687500e+03 1.701697462416486815e+02
2.028174987792968750e+03 -9.391482791793532670e+01
2.028195861816406250e+03 1.466128815239062533e+02
2.028216674804687500e+03 1.382094965326832607e+02
2.028237487792968750e+03 -4.319056897220434621e+02
2.028258361816406250e+03 2.584035690537421033e+02
2.028279174804687500e+03 -7.890078865657560527e+02
2.028299987792968750e+03 -6.472483630070928484e+02
2.028320861816406250e+03 -3.829424790381453931e+02
2.028341674804687500e+03 -5.874671063504647464e+02
2.028362487792968750e+03 1.405566853311611339e+02
2.028383361816406250e+03 -7.991767953681992367e+02
2.028404174804687500e+03 -3.910540880006738007e+02
2.028424987792968750e+03 -3.184793481313390657e+02
2.028445861816406250e+03 -4.705471430518664420e+02
2.028466674804687500e+03 -7.591105958031257614e+02
2.028487487792968750e+03 -1.766229788938071579e+02
2.028508361816406250e+03 -2.650157534544123337e+02
2.028529174804687500e+03 -2.860596156457904726e+01
2.028549987792968750e+03 -5.024287415733560920e+02
2.028570861816406250e+03 2.102685063239187002e+01
2.028591674804687500e+03 1.373250292883021757e+02
2.028612487792968750e+03 5.780073854688089341e+02
2.028633361816406250e+03 4.572599681367864832e+02
2.028654174804687500e+03 -4.122994852191768587e+02
2.028674987792968750e+03 1.662322883548913524e+02
2.028695861816406250e+03 -4.211741048321127892e+02
2.028716674804687500e+03 -1.871386371692642570e+01
2.028737487792968750e+03 1.839977898390498012e+02
2.028758361816406250e+03 8.879686101630795747e+01
2.028779174804687500e+03 -5.480811028804164380e+02
2.028799987792968750e+03 7.027637335592880845e+02
2.028820861816406250e+03 1.132571993633173406e+02
2.028841674804687500e+03 -1.765051470627076924e+01
2.028862487792968750e+03 1.993435646267607808e+01
2.028883361816406250e+03 -7.640593727907398716e+02
2.028904174804687500e+03 -3.909889386021532118e+02
2.028924987792968750e+03 -5.503128567438106984e+02
2.028945861816406250e+03 -1.116261418942245655e+03
2.028966674804687500e+03 -1.374899419648572803e+02
2.028987487792968750e+03 -2.452373528536409140e+02
2.029008361816406250e+03 -9.876283297875197604e+02
2.029029174804687500e+03 -2.096111160106956959e+02
2.029049987792968750e+03 -3.509133211649022996e+02
2.029070861816406250e+03 -3.755163378469878808e+02
2.029091735839843750e+03 -4.516926953140646219e+02
2.029112548828125000e+03 2.465642318717436865e+02
2.029133361816406250e+03 4.951970716938376427e-01
2.029154195149739508e+03 3.518463885745732114e+02
2.029175048828125000e+03 7.035845737927593291e+02
2.029195861816406250e+03 1.288535963045433164e+00
2.029216735839843750e+03 7.288627565758069977e+02
2.029237548828125000e+03 -5.056717833236325532e+01
2.029258361816406250e+03 4.374743895947467536e+02
2.029279235839843750e+03 -3.859237218011403456e+02
2.029300048828125000e+03 -2.116700389940524474e+02
2.029320861816406250e+03 -3.173249211505753919e+02
2.029341735839843750e+03 -5.828837141020921990e+02
2.029362548828125000e+03 -4.312224036063998938e+02
2.029383361816406250e+03 -9.472669568648561835e+02
2.029404235839843750e+03 -1.099370847565587610e+03
2.029425048828125000e+03 -7.201478191132191569e+02
2.029445861816406250e+03 -1.046310329600120895e+03
2.029466735839843750e+03 -7.450438821528805420e+02
2.029487548828125000e+03 -4.691551853928249329e+02
2.029508361816406250e+03 -8.704303887088317424e+02
2.029529235839843750e+03 -2.428972641688305885e+02
2.029550048828125000e+03 8.691754946042783558e+01
2.029570861816406250e+03 -6.439057638865197077e+02
2.029591735839843750e+03 -5.156026004882296547e+02
2.029612548828125000e+03 4.093824972175061703e+02
2.029633361816406250e+03 -3.605241774282185361e+02
2.029654235839843750e+03 -4.815666118781082332e+02
2.029675048828125000e+03 -1.077676992400083691e+02
2.029695861816406250e+03 1.411246635427232832e+02
2.029716735839843750e+03 -2.760560755688929930e+02
2.029737548828125000e+03 3.377589338804828003e+02
2.029758361816406250e+03 1.383585840658051893e+02
2.029779235839843750e+03 1.443804598505375907e+02
2.029800048828125000e+03 -2.459408240763004869e+02
2.029820861816406250e+03 1.269958360767923295e+02
2.029841735839843750e+03 -2.572465879149967805e+02
2.029862548828125000e+03 1.098729320024140179e+02
2.029883361816406250e+03 -5.291627729119500145e+02
2.029904235839843750e+03 1.389250372606329620e+02
2.029925048828125000e+03 5.174446007355581969e+02
2.029945861816406250e+03 -1.677678041267208755e+02
2.029966735839843750e+03 -2.201614441300043836e+02
2.029987548828125000e+03 4.752167074276367202e+02
2.030008361816406250e+03 7.399727836798410863e+01
2.030029235839843750e+03 8.254507187940180302e+02
2.030050048828125000e+03 -4.748939691797131673e+02
2.030070861816406250e+03 -9.499115953341824934e+02
2.030091735839843750e+03 -5.499485585488146171e+02
2.030112548828125000e+03 7.112834973994176835e+01
2.030133361816406250e+03 3.258084148329216987e+02
2.030154235839843750e+03 6.732830903130816296e+02
2.030175048828125000e+03 3.858980957278981805e+01
2.030195861816406250e+03 -1.254070807534735650e+02
2.030216735839843750e+03 -6.401903626952553168e+02
2.030237548828125000e+03 -5.784723554609809071e+02
2.030258361816406250e+03 2.540429164175875485e+02
2.030279235839843750e+03 3.940645700837485492e+02
2.030300048828125000e+03 4.229901469595497474e+02
2.030320861816406250e+03 -1.913078491765772924e+02
2.030341735839843750e+03 6.446595783988013864e+02
2.030362548828125000e+03 -1.385347946949768811e+02
2.030383361816406250e+03 -7.078012345300521702e+01
2.030404235839843750e+03 5.684823726720642298e+02
2.030425048828125000e+03 1.968367804157314822e+02
2.030445861816406250e+03 2.803948169094510376e+02
2.030466735839843750e+03 -5.540124908519210294e+02
2.030487548828125000e+03 -1.440647274763323367e+02
2.030508361816406250e+03 -2.713734643724747002e+02
2.030529235839843750e+03 -5.174239015353377908e+02
2.030550048828125000e+03 -2.999555253359721974e+02
2.030570861816406250e+03 -9.047542133927345276e+01
2.030591735839843750e+03 -2.131988715031184256e+02
2.030612548828125000e+03 5.123848330248147249e+02
2.030633361816406250e+03 -8.754597014958271757e+02
2.030654235839843750e+03 4.538423784724436700e+02
2.030675048828125000e+03 1.000019307654001750e+03
2.030695861816406250e+03 5.403223363365978003e+02
2.030716735839843750e+03 6.087380582380574197e+02
2.030737548828125000e+03 9.647729271111311391e+02
2.030758361816406250e+03 4.626618544309167191e+02
2.030779235839843750e+03 4.564055754760047421e+02
2.030800048828125000e+03 4.206584583714138716e+02
2.030820861816406250e+03 9.076126548474421725e+02
2.030841735839843750e+03 2.454156308176461607e+02
2.030862548828125000e+03 -1.995746526806615293e+02
2.030883361816406250e+03 1.439508596237283200e+01
2.030904235839843750e+03 -2.595338730092626065e+02
2.030925048828125000e+03 3.669868921828456223e+02
2.030945861816406250e+03 -2.031632989116478711e+02
2.030966735839843750e+03 2.371037654037354514e+02
2.030987548828125000e+03 1.932871941387420520e+02
2.031008361816406250e+03 1.705341236204840243e+02
2.031029235839843750e+03 2.083574094083160162e+02
2.031050048828125000e+03 7.773999039591290057e+02
2.031070861816406250e+03 9.480904769928893074e+02
2.031091735839843750e+03 1.957064193184487522e+02
2.031112548828125000e+03 4.012361370966536924e+02
2.031133361816406250e+03 2.818725491225486621e+02
2.031154235839843750e+03 2.881892262207111344e+02
2.031175048828125000e+03 -2.513235144154168665e+01
2.031195861816406250e+03 4.194337508185999468e+02
2.031216735839843750e+03 5.129606445101089776e+02
2.031237548828125000e+03 -3.467457580458140001e+02
2.031258361816406250e+03 -3.055801991623593494e+02
2.031279235839843750e+03 -5.744624088684795424e+02
2.031300048828125000e+03 -6.731566680032992736e+02
2.031320861816406250e+03 2.854635785142891109e+02
2.031341735839843750e+03 -4.050389908655779436e+02
2.031362548828125000e+03 -5.184641513216774911e+01
2.031383361816406250e+03 2.791022944001015276e+02
2.031404235839843750e+03 4.275871817147126421e+02
2.031425048828125000e+03 7.567557421240489930e+02
2.031445861816406250e+03 5.739069886796642095e+02
2.031466735839843750e+03 3.007775583191541955e+02
2.031487548828125000e+03 -1.680406112152850255e+02
2.031508361816406250e+03 1.918810736986342818e+02
2.031529235839843750e+03 2.407255143577931449e+02
2.031550048828125000e+03 9.484513596596661955e+01
2.031570861816406250e+03 2.405993589133722708e+02
2.031591735839843750e+03 -3.265577254968229681e+01
2.031612548828125000e+03 -3.328476762248901650e+02
2.031633361816406250e+03 -4.682349985869368538e+02
2.031654235839843750e+03 -1.445787434800295159e+02
2.031675048828125000e+03 7.811535883239703253e+02
2.031695861816406250e+03 5.602463683485984802e+02
2.031716735839843750e+03 1.610768889205064625e+01
2.031737548828125000e+03 1.449015128089813516e+02
2.031758422851562500e+03 4.984564830291783437e+02
2.031779235839843750e+03 -2.271311388632748276e+02
2.031800109863281250e+03 -5.192465689979726449e+02
2.031820922851562500e+03 2.516645310994936153e+02
2.031841735839843750e+03 -7.062832857762696221e+02
2.031862609863281250e+03 -3.299176019795704633e+02
2.031883422851562500e+03 5.621625777237350121e+02
2.031904235839843750e+03 -4.429644822987029329e+02
2.031925109863281250e+03 5.500783080519177020e+02
2.031945922851562500e+03 -9.680236377499531955e+02
2.031966735839843750e+03 4.171048646819544956e+02
2.031987609863281250e+03 -2.371546888103475794e+02
2.032008422851562500e+03 6.102147645748918876e+02
2.032029235839843750e+03 -8.707415457471506670e+02
2.032050109863281250e+03 -9.313304368604440242e+01
2.032070922851562500e+03 -2.543104638061486185e+02
2.032091735839843750e+03 -4.717212797441752627e+02
2.032112609863281250e+03 -7.016602189458208159e+02
2.032133422851562500e+03 -4.813346232497133315e+02
2.032154235839843750e+03 -6.910600079118739814e+02
2.032175109863281250e+03 -5.066746988681843504e+02
2.032195922851562500e+03 -5.561078610502881929e+02
2.032216735839843750e+03 -3.900246032767463475e+02
2.032237609863281250e+03 -8.456673347409814596e+02
2.032258422851562500e+03 -7.327328961818711832e+02
2.032279235839843750e+03 2.740521782508585602e+01
2.032300109863281250e+03 -5.209242633824469522e+02
2.032320922851562500e+03 -2.954188732057809830e+02
2.032341735839843750e+03 -1.014513190047699027e+03
2.032362609863281250e+03 -1.829692125506699085e+02
2.032383422851562500e+03 1.409645444117486477e+02
2.032404235839843750e+03 2.877506951205432415e+02
2.032425109863281250e+03 9.742772713431622833e+01
2.032445922851562500e+03 1.662392906374298036e+02
2.032466735839843750e+03 -8.486334673385135829e+01
2.032487609863281250e+03 5.212130017364397645e+02
2.032508422851562500e+03 1.608429026931989938e+02
2.032529235839843750e+03 6.701315392495598644e+02
2.032550109863281250e+03 5.164513863519532606e+02
2.032570922851562500e+03 -3.789770004379097372e+02
2.032591735839843750e+03 -1.214191769694443792e+02
2.032612609863281250e+03 -6.307990935144480318e+02
2.032633422851562500e+03 -4.224689001797232777e+02
2.032654235839843750e+03 -2.925279137386241928e+02
2.032675109863281250e+03 -4.642631320909131318e+02
2.032695922851562500e+03 -6.279327664319425821e+02
2.032716735839843750e+03 7.267081809032242745e+01
2.032737609863281250e+03 -5.574308630806626752e+02
2.032758422851562500e+03 4.023643983548972756e+02
2.032779235839843750e+03 3.760241408132715151e+02
2.032800109863281250e+03 4.417365044938633218e+02
2.032820922851562500e+03 1.286187514143181033e+03
2.032841735839843750e+03 6.768701478833099827e+02
2.032862609863281250e+03 1.297367543873260729e+03
2.032883422851562500e+03 9.159053956901188940e+02
2.032904235839843750e+03 8.854490111287450418e+02
2.032925109863281250e+03 1.798012003980111331e+02
2.032945922851562500e+03 -2.124830416331533343e+02
2.032966735839843750e+03 -8.435247899751411751e+02
2.032987609863281250e+03 -4.741023966396460310e+02
2.033008422851562500e+03 -4.646331124573480338e+02
2.033029235839843750e+03 -4.693738886673236266e+02
2.033050109863281250e+03 -1.210341311864671297e+03
2.033070922851562500e+03 -6.952648857086896896e+02
2.033091735839843750e+03 -1.625471709454432130e+02
2.033112609863281250e+03 3.939310995616251603e+02
2.033133422851562500e+03 -1.883611409596633166e+02
2.033154235839843750e+03 3.818236601753160357e+02
2.033175109863281250e+03 8.277857098696986213e+02
2.033195922851562500e+03 1.486874707917449996e+02
2.033216756184895758e+03 5.798312814054079354e+02
2.033237609863281250e+03 1.011444857495604083e+03
2.033258422851562500e+03 4.426915150113636628e+02
2.033279235839843750e+03 7.551626404294511303e+02
2.033300109863281250e+03 9.995472563388757408e+02
2.033320922851562500e+03 6.341163148987106979e+01
2.033341735839843750e+03 2.913316164370626211e+02
2.033362609863281250e+03 6.215074754040688276e+01
2.033383422851562500e+03 3.340292598741361871e+02
2.033404235839843750e+03 7.504673827835358679e+01
2.033425109863281250e+03 2.252845075521618128e+02
2.033445922851562500e+03 -1.134300898648798466e+02
2.033466735839843750e+03 -1.378620630325749516e+02
2.033487609863281250e+03 7.506359573251102120e+02
2.033508422851562500e+03 -3.435813638397958130e+02
2.033529235839843750e+03 -3.091328712954418734e+02
2.033550109863281250e+03 -3.163257183391833678e+02
2.033570922851562500e+03 -4.951476068814517930e+02
2.033591735839843750e+03 2.274306750685209408e+02
2.033612609863281250e+03 1.323685796782374382e+02
2.033633422851562500e+03 2.233658293157350272e+02
2.033654235839843750e+03 -4.163240903217811137e+02
2.033675109863281250e+03 5.948853124841116369e+01
2.033695922851562500e+03 -8.942981190094724298e+01
2.033716735839843750e+03 -6.495687217671656981e+02
2.033737609863281250e+03 -5.618790619948413223e+01
2.033758422851562500e+03 -9.142430916510056704e+02
2.033779235839843750e+03 -7.806259527382208034e+02
2.033800109863281250e+03 -3.286515261533204466e+02
2.033820922851562500e+03 -1.361903840915765613e+02
2.033841735839843750e+03 -3.097860211262013763e+02
2.033862609863281250e+03 -8.587538307330105454e+02
2.033883422851562500e+03 5.429586665588431060e+01
2.033904235839843750e+03 3.100088150129886344e+02
2.033925109863281250e+03 -1.956412836501840502e+02
2.033945922851562500e+03 -1.880260924682952464e+02
2.033966735839843750e+03 -1.793176588752539828e+02
2.033987609863281250e+03 6.473403425227152184e+02
2.034008422851562500e+03 2.016310141376452520e+02
2.034029235839843750e+03 3.587151979666668922e+01
2.034050109863281250e+03 -6.340212199999950826e+01
2.034070922851562500e+03 2.361132034027250484e+02
2.034091735839843750e+03 -4.223528898161603138e+02
2.034112609863281250e+03 -5.618719009892083704e+01
2.034133422851562500e+03 -3.180634936543647200e+02
2.034154296875000000e+03 -2.506442444407148287e+02
2.034175109863281250e+03 -1.215608657773118466e+02
2.034195983886718750e+03 -9.730745329561177641e+02
2.034216796875000000e+03 7.638758259566966444e+02
2.034237609863281250e+03 5.067959626088850200e+01
2.034258483886718750e+03 6.848820199747569859e+01
2.034279296875000000e+03 -4.936381636194419116e+02
2.034300109863281250e+03 6.847949828844284639e+02
2.034320983886718750e+03 9.249888374453876168e+02
2.034341796875000000e+03 3.918427220372250304e+02
2.034362609863281250e+03 -1.953409924417501315e+02
2.034383483886718750e+03 -5.245673804527614266e+02
2.034404296875000000e+03 -5.451161032686941326e+02
2.034425109863281250e+03 -8.774649177794344723e+01
2.034445983886718750e+03 -8.455181149007985368e+02
2.034466796875000000e+03 -2.033475699115078896e+02
2.034487609863281250e+03 -1.524178383278194815e+01
2.034508483886718750e+03 -1.107174761209171265e+02
2.034529296875000000e+03 -4.087985125364502892e+02
2.034550109863281250e+03 -1.468922327691689134e+02
2.034570983886718750e+03 -1.607420031600631773e+02
2.034591796875000000e+03 5.378333358854288235e+02
2.034612609863281250e+03 4.744510971385752782e+02
2.034633483886718750e+03 6.444982537514297292e+02
2.034654296875000000e+03 6.097193840214749798e+02
2.034675109863281250e+03 3.412543344813166186e+02
2.034695983886718750e+03 4.696715240282937884e+02
2.034716796875000000e+03 1.233506107905413955e+02
2.034737609863281250e+03 9.789488863627193496e+02
2.034758483886718750e+03 2.830824431134387851e+02
2.034779296875000000e+03 1.088483483920572326e+02
2.034800109863281250e+03 -6.858061230997554958e+01
2.034820983886718750e+03 -4.753582818165887147e+01
2.034841796875000000e+03 3.631715456732781604e+02
2.034862609863281250e+03 5.036787468886468560e+02
2.034883483886718750e+03 4.606223259994294494e+01
2.034904296875000000e+03 7.673094098545843735e+02
2.034925109863281250e+03 4.417628002958372235e+02
2.034945983886718750e+03 6.261349867526441813e+02
2.034966796875000000e+03 2.564204436277505010e+02
2.034987609863281250e+03 6.723169719986617565e+01
2.035008483886718750e+03 5.911841249628923833e+01
2.035029296875000000e+03 -3.730283084065886214e+02
2.035050109863281250e+03 -4.817101757486816496e+02
2.035070983886718750e+03 3.176876282857265323e+02
2.035091796875000000e+03 4.978741265458520502e+02
2.035112609863281250e+03 -4.664962543407455087e+00
