2.910277873629421720e+03 -3.646424327716231346e+02
2.910298706962755205e+03 4.635306128065567464e+02
2.910319540296088690e+03 5.877508221477037296e+02
2.910340373629421720e+03 1.039792064946377650e+02
2.910361206962755205e+03 -5.306465697990497574e+02
2.910382040296088690e+03 5.321977269061608240e+02
2.910402873629421720e+03 9.343180158124305308e+02
2.910423706962755205e+03 8.525306329081067815e+02
2.910444540296088690e+03 -5.563123601558618248e+01
2.910465373629421720e+03 1.890026794283185154e+02
2.910486206962755205e+03 2.335456299482611939e+02
2.910507040296088690e+03 -5.551446127088274807e+02
2.910527873629421720e+03 -5.802412562094395980e+02
2.910548706962755205e+03 -2.436423290664097294e+02
2.910569540296088690e+03 -6.086868455884978175e+02
2.910590373629421720e+03 -3.220567512535490096e+01
2.910611206962755205e+03 5.943113665034761652e+02
2.910632040296088690e+03 5.725028310789493844e+02
2.910652873629421720e+03 8.036944806099636480e+02
2.910673706962755205e+03 -1.944056553661357611e+01
2.910694540296088690e+03 -8.704753268236527219e+02
2.910715373629421720e+03 8.987147508505731821e+02
2.910736206962755205e+03 -3.553751362623879686e+02
2.910757040296088690e+03 5.243043573052855209e+02
2.910777873629421720e+03 1.132076853186590597e+02
2.910798706962755205e+03 3.517812328529544175e+00
2.910819540296088690e+03 -3.490298276592511684e+02
2.910840373629421720e+03 -5.820119095556437969e+02
2.910861206962755205e+03 6.044017704192083329e+01
2.910882040296088690e+03 -1.999413489736616611e+02
2.910902873629421720e+03 -5.640112272939877585e+02
2.910923706962755205e+03 -1.609361351117258891e+02
2.910944540296088690e+03 7.989639078852487728e+02
2.910965373629421720e+03 7.958419677530182526e+02
2.910986206962755205e+03 -2.012663495689630508e+02
2.911007040296088690e+03 2.488278143396601081e+02
2.911027873629421720e+03 -5.822525184991536662e+02
2.911048706962755205e+03 -2.423596515292301774e+02
2.911069540296088690e+03 -4.033530810596421361e+02
2.911090373629421720e+03 -3.273788434111047536e+02
2.911111206962755205e+03 -9.074024929418228567e+02
2.911132040296088690e+03 -6.528168608051491901e+02
2.911152873629421720e+03 -8.219598173137055710e+02
2.911173706962755205e+03 -1.058954379421775229e+03
2.911194540296088690e+03 -5.293993953680619597e+02
2.911215373629421720e+03 -2.338322886347305030e+02
2.911236206962755205e+03 -2.815340594442095608e+02
2.911257040296088690e+03 -5.906609362806193531e+01
2.911277873629421720e+03 -4.741451470967149362e+02
2.911298706962755205e+03 2.727225356292910874e+01
2.911319540296088690e+03 2.736807473081862554e+02
2.911340373629421720e+03 2.202721085383091122e+02
2.911361206962755205e+03 -3.062347526092780754e+02
2.911382040296088690e+03 3.766948905283352360e+02
2.911402873629421720e+03 7.514329049199586734e+02
2.911423706962755205e+03 -1.826567428064299747e+02
2.911444540296088690e+03 -1.400833729178411886e+02
2.911465373629421720e+03 -4.149759246435714886e+02
2.911486206962755205e+03 -2.415751689837779850e+02
2.911507040296088690e+03 -2.367685202535940334e+02
2.911527873629421720e+03 -6.195546890578698367e+02
2.911548706962755205e+03 5.505615378974471241e+01
2.911569540296088690e+03 1.039327295585069805e+03
2.911590373629421720e+03 -5.177524494943208992e+02
2.911611206962755205e+03 -6.311683837039163336e+02
2.911632040296088690e+03 -4.650959264860721305e+02
2.911652873629421720e+03 -3.139910189891234040e+02
2.911673706962755205e+03 5.146189996962202713e+02
2.911694540296088690e+03 6.242575228294590488e+02
2.911715373629421720e+03 5.926239969320595264e+02
2.911736206962755205e+03 8.226166469827294350e+02
2.911757040296088690e+03 6.800884858742356300e+02
2.911777873629421720e+03 -9.477626412361860275e+01
2.911798706962755205e+03 8.210865655490197241e+02
2.911819540296088690e+03 6.324047900055302307e+02
2.911840373629421720e+03 9.223173413386102766e+02
2.911861206962755205e+03 9.036790796507848427e+02
2.911882040296088690e+03 1.741643493412993848e+00
2.911902873629421720e+03 1.243147777978330851e+03
2.911923706962755205e+03 1.013989792183157988e+03
2.911944540296088690e+03 2.542484455893281847e+02
2.911965373629421720e+03 5.004600260122679174e+02
2.911986206962755205e+03 1.102588787820772268e+03
2.912007040296088690e+03 2.536123120371485129e+02
2.912027873629421720e+03 5.062556372629478574e+02
2.912048706962755205e+03 6.440504290140233934e+01
2.912069540296088690e+03 1.648017294593155384e+02
2.912090373629421720e+03 1.984111508493078873e+02
2.912111206962755205e+03 -6.093046828234801069e+02
2.912132040296088690e+03 -7.866107301367446780e+01
2.912152873629421720e+03 4.809302693969802931e+02
2.912173706962755205e+03 -2.306338714488083497e+02
2.912194540296088690e+03 -3.473474845812888816e+02
2.912215373629421720e+03 4.663800051544094458e+02
2.912236206962755205e+03 -2.368319807483348995e+02
2.912257040296088690e+03 9.063490864615887403e+02
2.912277873629421720e+03 4.170686636078171432e+02
2.912298706962755205e+03 -3.155811775511829183e+02
2.912319540296088690e+03 7.169496190096251667e+02
2.912340373629421720e+03 2.016277026486350223e+02
2.912361206962755205e+03 8.379978082049638033e+01
2.912382040296088690e+03 8.468146293028257787e+02
2.912402873629421720e+03 3.785652363763656467e+02
2.912423706962755205e+03 6.301296718418598175e+00
2.912444540296088690e+03 4.680365024771308526e+02
2.912465373629421720e+03 8.253787960420595482e+02
2.912486206962755205e+03 6.196793350421357900e+02
2.912507040296088690e+03 1.131825965596828610e+03
2.912527873629421720e+03 9.396703044495079666e+02
2.912548706962755205e+03 1.034291244829772040e+03
2.912569540296088690e+03 8.524051013778662309e+02
2.912590373629421720e+03 4.890907569751143456e+02
2.912611206962755205e+03 4.887075650860788301e+02
2.912632040296088690e+03 1.046730411163531244e+03
2.912652873629421720e+03 8.110503050584811717e+02
2.912673706962755205e+03 4.980282885060878471e+02
2.912694540296088690e+03 2.726946677843807265e+02
2.912715373629421720e+03 -2.211069613581057638e+02
2.912736206962755205e+03 3.244616898833774030e+02
2.912757040296088690e+03 2.611338237880263478e+02
2.912777873629421720e+03 -9.885380735085345805e+01
2.912798706962755205e+03 -4.404510358573170379e+02
2.912819540296088690e+03 -4.043199624001281336e+02
2.912840373629421720e+03 1.255915728296386078e+02
2.912861206962755205e+03 -3.010999663812108338e+02
2.912882040296088690e+03 -2.549176701860269532e+02
2.912902873629421720e+03 -5.329018701389431953e+02
2.912923706962755205e+03 5.189244382597971708e+02
2.912944540296088690e+03 5.486082330625504255e+02
2.912965373629421720e+03 2.533683771234937012e+02
2.912986206962755205e+03 -4.247212601366918534e+02
2.913007040296088690e+03 2.151640802510082722e+02
2.913027873629421720e+03 -4.246862657261081040e+02
2.913048706962755205e+03 1.356964484496624209e+03
2.913069540296088690e+03 1.410679044013842940e+03
2.913090373629421720e+03 8.145987014492275193e+02
2.913111206962755205e+03 3.755324304893147200e+02
2.913132040296088690e+03 9.273455428190063685e+02
2.913152873629421720e+03 4.153332036683568731e+02
2.913173706962755205e+03 5.758581887439358979e+02
2.913194540296088690e+03 9.291811658082297072e+02
2.913215373629421720e+03 7.717169104312779382e+02
2.913236206962755205e+03 1.242809394252020866e+03
2.913257040296088690e+03 1.589530012727715075e+03
2.913277873629421720e+03 1.782777831460582092e+03
2.913298706962755205e+03 1.421226708896341734e+03
2.913319540296088690e+03 5.700335436936002225e+02
2.913340373629421720e+03 2.566632884547580034e+02
2.913361206962755205e+03 7.446307261921465397e+02
2.913382040296088690e+03 -3.630076847935561091e+02
2.913402873629421720e+03 1.063536184875993058e+02
2.913423706962755205e+03 1.351109935198910534e+02
2.913444540296088690e+03 -1.078166667377809063e+03
2.913465373629421720e+03 1.630010717903496698e+02
2.913486206962755205e+03 -7.823854872022056952e+02
2.913507040296088690e+03 -1.013901189640862867e+03
2.913527873629421720e+03 -5.371477221165550873e+02
2.913548706962755205e+03 3.621910434123128653e+01
2.913569540296088690e+03 -3.709783998364582658e+02
2.913590373629421720e+03 3.277252059458987787e+02
2.913611206962755205e+03 5.421185778818326071e+02
2.913632040296088690e+03 2.790738907563500106e+02
2.913652873629421720e+03 4.528215257573174313e+02
2.913673706962755205e+03 8.058299682971555740e+02
2.913694540296088690e+03 3.364037737690377980e+02
2.913715373629421720e+03 -2.420196626210818067e+02
2.913736206962755205e+03 -3.074383248338708654e+02
2.913757040296088690e+03 -1.450354823218658566e+02
2.913777873629421720e+03 -1.367562065541278571e+02
2.913798706962755205e+03 -2.102135123200714588e+02
2.913819540296088690e+03 -3.991916778264567256e+02
2.913840373629421720e+03 -6.596364638494560495e+02
2.913861206962755205e+03 -3.886333575112512335e+02
2.913882040296088690e+03 1.535095684002153575e+02
2.913902873629421720e+03 -4.848452444185968488e+02
2.913923706962755205e+03 -1.853175957237835974e+02
2.913944540296088690e+03 -1.251826669996371493e+02
2.913965373629421720e+03 -2.006849461945239455e+02
2.913986206962755205e+03 -1.622835350165842101e+02
2.914007040296088690e+03 -1.506882094184402376e+02
2.914027873629421720e+03 -6.509391148085705936e+02
2.914048706962755205e+03 1.115720023075118661e+02
2.914069540296088690e+03 -1.587383494020905346e+02
2.914090373629421720e+03 -2.058062868355773389e+01
2.914111206962755205e+03 -1.182767750160419382e+03
2.914132040296088690e+03 -7.086720941200619563e+02
2.914152873629421720e+03 -9.237454430467914790e+01
2.914173706962755205e+03 1.464933452968252823e+02
2.914194540296088690e+03 -4.889681388473836705e+02
2.914215373629421720e+03 -1.175528604961466044e+03
2.914236206962755205e+03 2.230019087155815214e+02
2.914257040296088690e+03 -7.804592135314596817e+02
2.914277873629421720e+03 4.818822818570770323e+02
2.914298706962755205e+03 4.093888716807123274e+01
2.914319540296088690e+03 3.786123547230381519e+02
2.914340373629421720e+03 -4.184385853273561224e+02
2.914361206962755205e+03 2.679768916550092399e+02
2.914382040296088690e+03 7.410794875991996378e+01
2.914402873629421720e+03 -3.732599575328640640e+01
2.914423706962755205e+03 -6.297034643264487386e+01
2.914444540296088690e+03 -2.045420564435189590e+02
2.914465373629421720e+03 -7.593435395343694836e+02
2.914486206962755205e+03 -7.540235710216220468e+02
2.914507040296088690e+03 -6.321019555771490559e+02
2.914527873629421720e+03 -1.520413784791016951e+02
2.914548706962755205e+03 -3.799900499671930447e+02
2.914569540296088690e+03 9.550153655966278166e+01
2.914590373629421720e+03 1.194004928349750116e+02
2.914611206962755205e+03 -5.984152204528218135e+02
2.914632040296088690e+03 3.878921040729619563e+01
2.914652873629421720e+03 3.771949478879105300e+02
2.914673706962755205e+03 6.604107117939274758e+02
2.914694540296088690e+03 6.227914549682755023e+02
2.914715373629421720e+03 1.074397727751289494e+03
2.914736206962755205e+03 1.296352668172912672e+03
2.914757040296088690e+03 -5.726833759387955070e+01
2.914777873629421720e+03 -9.453815061571076512e+02
2.914798706962755205e+03 -7.943452195000136271e+02
2.914819540296088690e+03 -3.761861797616584226e+02
2.914840373629421720e+03 -7.567427513189613819e+00
2.914861206962755205e+03 1.192145952618448064e+02
2.914882040296088690e+03 -6.789680504936259240e+02
2.914902873629421720e+03 6.655846917023882270e+01
2.914923706962755205e+03 -5.974800226239021868e+02
2.914944540296088690e+03 -4.759119595936499536e+02
2.914965373629421720e+03 -4.726115949524100870e+02
2.914986206962755205e+03 -1.703964529101504013e+02
2.915007040296088690e+03 -1.005922600067686290e+03
2.915027873629421720e+03 5.794284494564635679e+02
2.915048706962755205e+03 7.051009837224846706e+02
2.915069540296088690e+03 3.730032311463728547e+02
2.915090373629421720e+03 4.606058987054275349e+02
2.915111206962755205e+03 5.452665185105288401e+02
2.915132040296088690e+03 6.134007572198752314e+02
2.915152873629421720e+03 -1.016678895372897387e+02
2.915173706962755205e+03 9.381998620915692300e+01
2.915194540296088690e+03 -1.677699355897493660e+02
2.915215373629421720e+03 -2.529547320319106802e+02
2.915236206962755205e+03 -5.656707814354449511e+02
2.915257040296088690e+03 -4.172852912057423964e+02
2.915277873629421720e+03 -1.621013283336069435e+02
2.915298706962755205e+03 -2.027482539095217362e+02
2.915319540296088690e+03 2.315765094094676897e+02
2.915340373629421720e+03 1.421344653667183593e+02
2.915361206962755205e+03 -5.026434823928866535e+01
2.915382040296088690e+03 -7.704757626113714650e+02
2.915402873629421720e+03 -2.097936104342807084e+01
2.915423706962755205e+03 -7.556946722801076248e+02
2.915444540296088690e+03 3.270897696180036291e+02
2.915465373629421720e+03 3.988247449358459562e+01
2.915486206962755205e+03 -6.957307742431294173e+01
2.915507040296088690e+03 4.802876871967455372e+02
2.915527873629421720e+03 -5.021311515169218183e+02
2.915548706962755205e+03 8.459315226553007960e+01
2.915569540296088690e+03 -6.853663895819336176e+02
2.915590373629421720e+03 -4.233828477676725015e+02
2.915611206962755205e+03 1.566115523647749797e+02
2.915632040296088690e+03 6.469942728753667325e+02
2.915652873629421720e+03 -7.213433845777763054e+02
2.915673706962755205e+03 -5.275616234740009531e+02
2.915694540296088690e+03 2.411949901588959619e+02
2.915715373629421720e+03 1.108469322989694774e+02
2.915736206962755205e+03 -3.235242428621277213e+02
2.915757040296088690e+03 -3.453848074544221163e+02
2.915777873629421720e+03 -4.805741467820480466e+02
2.915798706962755205e+03 -2.747263882948318496e+02
2.915819540296088690e+03 -1.586787433571880683e+02
2.915840373629421720e+03 -1.663680308193783276e+03
2.915861206962755205e+03 -9.206336213906761259e+02
2.915882040296088690e+03 -1.199060849247267470e+03
2.915902873629421720e+03 -4.381436727741966024e+02
2.915923706962755205e+03 -3.734460186919895932e+02
2.915944540296088690e+03 -6.930135380405699834e+02
2.915965373629421720e+03 -9.444907152379164472e+02
2.915986206962755205e+03 -7.232072346931090578e+02
2.916007040296088690e+03 2.401879656822420657e+02
2.916027873629421720e+03 -1.874209334084298462e+02
2.916048706962755205e+03 -1.298326390422880650e+02
2.916069540296088690e+03 -8.360156887012999505e+02
2.916090373629421720e+03 -7.272882713914150372e+02
2.916111206962755205e+03 -9.065404930539662018e+02
2.916132040296088690e+03 -3.581828622794710100e+02
2.916152873629421720e+03 -5.809621847394155338e+02
2.916173706962755205e+03 -1.138662698336993344e+03
2.916194540296088690e+03 -9.140264286842430010e+02
2.916215373629421720e+03 -9.481721051983768120e+02
2.916236206962755205e+03 -5.797509103199699894e+02
2.916257040296088690e+03 -1.445920875781215727e+03
2.916277873629421720e+03 -5.131294006413081661e+02
2.916298706962755205e+03 -1.926302142130443826e+02
2.916319540296088690e+03 -5.408636994753032923e+01
2.916340373629421720e+03 3.658198919921414927e+02
2.916361206962755205e+03 2.745167141011916101e+02
2.916382040296088690e+03 3.688090503391576931e+02
2.916402873629421720e+03 2.017962289664428681e+02
2.916423706962755205e+03 8.468455375341000035e+02
2.916444540296088690e+03 -2.366213677696650848e+02
2.916465373629421720e+03 6.763442130890907720e+02
2.916486206962755205e+03 -8.943994016431970522e+02
2.916507040296088690e+03 -6.966168779659783468e+02
2.916527873629421720e+03 4.179279055836377665e+02
2.916548706962755205e+03 3.549483986498089507e+02
2.916569540296088690e+03 -1.711616197032853961e+02
2.916590373629421720e+03 3.456425004940247163e+02
2.916611206962755205e+03 5.591316371844150126e+02
2.916632040296088690e+03 2.614937086863210425e+02
2.916652873629421720e+03 3.586607235547853634e+02
2.916673706962755205e+03 5.005935943460790440e+02
2.916694540296088690e+03 2.415427538027288392e+02
2.916715373629421720e+03 7.151613329304382205e+01
2.916736206962755205e+03 5.138369832839816809e+01
2.916757040296088690e+03 nan
2.916777873629421720e+03 nan
2.916798706962755205e+03 nan
2.916819540296088690e+03 nan
2.916840373629421720e+03 nan
2.916861206962755205e+03 nan
2.916882040296088690e+03 nan
2.916902873629421720e+03 nan
2.916923706962755205e+03 nan
2.916944540296088690e+03 nan
2.916965373629421720e+03 6.681501154432771727e+02
2.916986206962755205e+03 8.018152457023970783e+02
2.917007040296088690e+03 8.689913616236299276e+01
2.917027873629421720e+03 -2.476789131733821705e+02
2.917048706962755205e+03 4.240847912896424532e+02
2.917069540296088690e+03 2.216549543390283361e+02
2.917090373629421720e+03 2.117649274884024635e+02
2.917111206962755205e+03 1.999673036817694083e+02
2.917132040296088690e+03 2.570312854564981535e+02
2.917152873629421720e+03 1.041298934966907836e+03
2.917173706962755205e+03 6.641941503154812381e+02
2.917194540296088690e+03 5.106116356670390815e+02
2.917215373629421720e+03 -2.106767188129015267e+02
2.917236206962755205e+03 1.031701631923206151e+03
2.917257040296088690e+03 -4.499667749359505251e+02
2.917277873629421720e+03 -2.237688173977658153e+02
2.917298706962755205e+03 -5.402368732728064060e+01
2.917319540296088690e+03 2.872274316863622516e+02
2.917340373629421720e+03 5.542619056077674031e+02
2.917361206962755205e+03 6.321558017429197207e+02
2.917382040296088690e+03 3.656823361945571378e+02
2.917402873629421720e+03 4.490857275960734114e+02
2.917423706962755205e+03 -1.911839202434057370e+02
2.917444540296088690e+03 8.532954825996421278e+01
2.917465373629421720e+03 3.518040488441474736e+02
2.917486206962755205e+03 2.505547931597102433e+02
2.917507040296088690e+03 1.066991900784196332e+03
2.917527873629421720e+03 7.550340242893435061e+02
2.917548706962755205e+03 1.158230074869352393e+03
2.917569540296088690e+03 5.855318781251553446e+02
2.917590373629421720e+03 2.856490107342833653e+02
2.917611206962755205e+03 -2.086363671766594052e+01
2.917632040296088690e+03 4.486787333182292059e+02
2.917652873629421720e+03 2.052216706080362201e+02
2.917673706962755205e+03 -2.169167038227897137e+01
2.917694540296088690e+03 -5.290910657127387822e+02
2.917715373629421720e+03 -2.458052823180332780e+02
2.917736206962755205e+03 -1.376401177659281529e+03
2.917757040296088690e+03 4.186622727578505874e+02
2.917777873629421720e+03 -1.060343608299735934e+02
2.917798706962755205e+03 4.333579893881687894e+02
2.917819540296088690e+03 9.751804262275109068e+02
2.917840373629421720e+03 1.363864311367040500e+03
2.917861206962755205e+03 7.623285305732861161e+02
2.917882040296088690e+03 6.562166518912417814e+02
2.917902873629421720e+03 4.179363769077463076e+02
2.917923706962755205e+03 6.752888360411161557e+02
2.917944540296088690e+03 1.291222056208644062e+02
2.917965373629421720e+03 9.068843711856752634e+02
2.917986206962755205e+03 5.843891813682857901e+02
2.918007040296088690e+03 1.415123789939098060e+02
2.918027873629421720e+03 -1.356824198691174388e+01
2.918048706962755205e+03 8.291451834049075842e+01
2.918069540296088690e+03 -2.045438391419593245e+02
2.918090373629421720e+03 1.197759037569630891e+02
2.918111206962755205e+03 -2.087124917204491794e+02
2.918132040296088690e+03 -4.153654622208559886e+02
2.918152873629421720e+03 2.157926960869226605e+02
2.918173706962755205e+03 -2.656003637907560915e+02
2.918194540296088690e+03 -5.597415730279171839e+02
2.918215373629421720e+03 -2.205156646613031626e+02
2.918236206962755205e+03 -9.388612030785297975e+02
2.918257040296088690e+03 -8.295326682663289830e+02
2.918277873629421720e+03 -1.426379642390529625e+03
2.918298706962755205e+03 -6.176467379346722737e+02
2.918319540296088690e+03 -1.027671606841264293e+03
2.918340373629421720e+03 -1.035828165430109948e+03
2.918361206962755205e+03 -1.476984689231729135e+03
2.918382040296088690e+03 -1.606562339327298105e+03
2.918402873629421720e+03 -4.434455409551737830e+02
2.918423706962755205e+03 -7.431432161811972037e+02
2.918444540296088690e+03 -2.675314527085283771e+02
2.918465373629421720e+03 -4.051152481953613460e+01
2.918486206962755205e+03 -2.961605703789973632e+02
2.918507040296088690e+03 -3.199842051970772445e+02
2.918527873629421720e+03 -4.904852935826638713e+02
2.918548706962755205e+03 9.541415177984163165e+00
2.918569540296088690e+03 4.775889210196910426e+02
2.918590373629421720e+03 5.764296478582546115e+02
2.918611206962755205e+03 -1.138733480817056261e+03
2.918632040296088690e+03 -1.638063740085344762e+02
2.918652873629421720e+03 -3.130868992096511647e+02
2.918673706962755205e+03 -4.982128562930738553e+02
2.918694540296088690e+03 -3.002264684115070850e+02
2.918715373629421720e+03 -4.932376749692484736e+02
2.918736206962755205e+03 -4.601443960837787017e+02
2.918757040296088690e+03 -4.486569971621502191e+02
2.918777873629421720e+03 -4.046113933881279081e+02
2.918798706962755205e+03 -7.670623992732726038e+01
2.918819540296088690e+03 -8.349491303580580279e+02
2.918840373629421720e+03 -3.636565829758765176e+02
2.918861206962755205e+03 1.070269283152185380e+03
2.918882040296088690e+03 2.938790540485642850e+02
2.918902873629421720e+03 4.076095464720856398e+02
2.918923706962755205e+03 8.987726660972693935e+02
2.918944540296088690e+03 5.741711292482214049e+02
2.918965373629421720e+03 7.887686308481497690e+02
2.918986206962755205e+03 5.584531750293681398e+02
2.919007040296088690e+03 5.716494256837759167e+02
2.919027873629421720e+03 1.063448427774244919e+03
2.919048706962755205e+03 1.434102219850756228e+02
2.919069540296088690e+03 4.579027588934404776e+02
2.919090373629421720e+03 8.499953209736850113e+01
2.919111206962755205e+03 5.360680474771652371e+01
2.919132040296088690e+03 2.810942599591799080e+02
2.919152873629421720e+03 -7.411812495775520802e+02
2.919173706962755205e+03 -8.812754032308002934e+02
2.919194540296088690e+03 3.009863532008603215e+01
2.919215373629421720e+03 -5.562741790788713843e+02
2.919236206962755205e+03 -9.149722071108408272e+01
2.919257040296088690e+03 6.524241815577261150e+02
2.919277873629421720e+03 3.861196646302705631e+02
2.919298706962755205e+03 1.284379108463879675e+03
2.919319540296088690e+03 1.044381661413237453e+03
2.919340373629421720e+03 1.236532284862245433e+03
2.919361206962755205e+03 1.085725888845394365e+03
2.919382040296088690e+03 3.518877566593000665e+02
2.919402873629421720e+03 1.647105363461887464e+02
2.919423706962755205e+03 1.265908850493840873e+03
2.919444540296088690e+03 6.776045148029224947e+02
2.919465373629421720e+03 -1.893655931344255805e-01
2.919486206962755205e+03 8.527376667746575549e+02
2.919507040296088690e+03 8.884514013270381838e+02
2.919527873629421720e+03 -5.878094567500520498e+02
2.919548706962755205e+03 3.898335882328683510e+02
2.919569540296088690e+03 3.185428403429687023e+02
2.919590373629421720e+03 4.788109723443631083e+01
2.919611206962755205e+03 3.139580800386611372e+02
2.919632040296088690e+03 4.711591818664455786e+02
2.919652873629421720e+03 2.526637329618679360e+02
2.919673706962755205e+03 -5.599455790008651093e+02
2.919694540296088690e+03 3.330386993100401014e+02
2.919715373629421720e+03 2.905522461275104433e+02
2.919736206962755205e+03 8.656271764303091913e+02
2.919757040296088690e+03 3.948290894608944654e+02
2.919777873629421720e+03 1.186376152613549493e+03
2.919798706962755205e+03 8.085999595846515149e+02
2.919819540296088690e+03 1.665261774470563978e+02
2.919840373629421720e+03 8.211826049305964261e+02
2.919861206962755205e+03 8.697495127427391708e+02
2.919882040296088690e+03 3.207746542200911790e+02
2.919902873629421720e+03 4.601390670365653932e+02
2.919923706962755205e+03 2.872241711425594985e+02
2.919944540296088690e+03 -1.679061305918730795e+01
2.919965373629421720e+03 1.445888418124639429e+03
2.919986206962755205e+03 7.198830463167978451e+02
2.920007040296088690e+03 5.805389705870766193e+02
2.920027873629421720e+03 1.062487109216745012e+03
2.920048706962755205e+03 9.881716519171604887e+02
2.920069540296088690e+03 7.997433553421869874e+02
2.920090373629421720e+03 -8.544918289070483297e+01
2.920111206962755205e+03 9.767104284022934735e+00
2.920132040296088690e+03 1.704754694174043834e+02
2.920152873629421720e+03 -9.041101859004702419e+02
2.920173706962755205e+03 -5.452151275390060619e+02
2.920194540296088690e+03 -5.567119695422006771e+02
2.920215373629421720e+03 -5.546759055324364454e+02
2.920236206962755205e+03 -3.563333740901434794e+02
2.920257040296088690e+03 -8.085779827041551471e+02
2.920277873629421720e+03 3.963578405701555312e+02
2.920298706962755205e+03 5.301629309762502089e+02
2.920319540296088690e+03 1.377833060744451359e+02
2.920340373629421720e+03 5.127688845072407275e+02
2.920361206962755205e+03 8.590485373709816486e+02
2.920382040296088690e+03 5.868317009891616181e+02
2.920402873629421720e+03 -2.324782692729495466e+02
2.920423706962755205e+03 1.114472663525608368e+03
2.920444540296088690e+03 2.199352026686538011e+02
2.920465373629421720e+03 -1.477524097407003865e+02
2.920486206962755205e+03 -5.762592345313169062e+01
2.920507040296088690e+03 3.260231414495501667e+01
2.920527873629421720e+03 -1.001472438456257805e+02
2.920548706962755205e+03 -4.881082078138133511e+02
2.920569540296088690e+03 -1.000910678685992025e+03
2.920590373629421720e+03 1.756887707416899502e+02
2.920611206962755205e+03 2.238787331549683586e+02
2.920632040296088690e+03 -1.601116181422257796e+02
2.920652873629421720e+03 -4.109407624218147248e+02
2.920673706962755205e+03 4.287488899920135736e+02
2.920694540296088690e+03 -4.321080732349073514e+02
2.920715373629421720e+03 -4.793289837146876380e+02
2.920736206962755205e+03 -7.948725998443551362e+02
2.920757040296088690e+03 -1.061168096329667605e+03
2.920777873629421720e+03 -2.322386179920285940e+02
2.920798706962755205e+03 -1.941579251697985455e+02
2.920819540296088690e+03 -4.271584725505672395e+02
2.920840373629421720e+03 2.895516096440842375e+02
2.920861206962755205e+03 2.406063272646861151e+02
2.920882040296088690e+03 5.246460151587380096e+02
2.920902873629421720e+03 -4.753602740215137601e+01
2.920923706962755205e+03 -4.493118626651121303e+02
2.920944540296088690e+03 2.183858842874178663e+02
2.920965373629421720e+03 1.075761669315397739e+01
2.920986206962755205e+03 -2.245200697416439652e+02
2.921007040296088690e+03 1.177505426115822047e+02
2.921027873629421720e+03 5.558114198320545256e+02
2.921048706962755205e+03 -7.757349835056811571e+01
2.921069540296088690e+03 -2.565451587316347286e+02
2.921090373629421720e+03 -5.153376507790526375e+02
2.921111206962755205e+03 -1.058235599933075719e+03
2.921132040296088690e+03 -1.087595998963341117e+03
2.921152873629421720e+03 -3.964997425398323685e+02
2.921173706962755205e+03 -3.104940161574631929e+02
2.921194540296088690e+03 6.366384384140837938e+01
2.921215373629421720e+03 -4.111318499310873449e+02
2.921236206962755205e+03 -8.712501033224398270e+02
2.921257040296088690e+03 -3.109457291847793385e+02
2.921277873629421720e+03 1.829774233355419710e+02
2.921298706962755205e+03 1.978896010988391936e+02
2.921319540296088690e+03 1.309962881088722497e+02
2.921340373629421720e+03 2.909368142054881901e+01
2.921361206962755205e+03 -3.611904846124816686e+02
2.921382040296088690e+03 4.826967346214223653e+01
2.921402873629421720e+03 -1.855922876775730401e+02
2.921423706962755205e+03 -5.481233527697622776e+02
2.921444540296088690e+03 -6.253291062124771997e+02
2.921465373629421720e+03 -1.092526896577328444e+02
2.921486206962755205e+03 -3.735127777775051072e+02
2.921507040296088690e+03 2.563287359412061051e+02
2.921527873629421720e+03 -4.869812344177626073e+02
2.921548706962755205e+03 -9.170250497537199408e+01
2.921569540296088690e+03 -1.350919238583883271e+02
2.921590373629421720e+03 -7.599895607684738934e+02
2.921611206962755205e+03 -6.613955409580375999e+01
2.921632040296088690e+03 -3.837157468345249072e+02
2.921652873629421720e+03 -5.087064487827010453e+02
2.921673706962755205e+03 -5.927340146242640913e+02
2.921694540296088690e+03 5.164687661005882546e+02
2.921715373629421720e+03 -1.290973812622949481e+03
2.921736206962755205e+03 -4.502359395088860765e+02
2.921757040296088690e+03 -1.145117604601662606e+03
2.921777873629421720e+03 -1.413807280536508188e+03
2.921798706962755205e+03 -5.137390027198707685e+02
2.921819540296088690e+03 -5.749523131973110139e+02
2.921840373629421720e+03 -9.577796136362012476e+02
2.921861206962755205e+03 -7.824858538320986554e+02
2.921882040296088690e+03 -1.134479935802402906e+03
2.921902873629421720e+03 3.070653611387824640e+02
2.921923706962755205e+03 -1.079243940512533300e+03
2.921944540296088690e+03 -2.245399900483898818e+02
2.921965373629421720e+03 -6.522743670113850385e+02
2.921986206962755205e+03 -2.635039517836412415e+02
2.922007040296088690e+03 1.046264691702090204e+02
2.922027873629421720e+03 1.862090388475917280e+02
2.922048706962755205e+03 -3.125463239317759871e+02
2.922069540296088690e+03 -3.051490145561983809e+02
2.922090373629421720e+03 -6.025767295822734013e+02
2.922111206962755205e+03 1.973131542610935867e+02
2.922132040296088690e+03 -6.055192001574905589e+02
2.922152873629421720e+03 -1.199192870992701501e+03
2.922173706962755205e+03 -5.894573635627748445e+02
2.922194540296088690e+03 -1.301934238487039693e+03
2.922215373629421720e+03 -7.185487684514373541e+02
2.922236206962755205e+03 1.382562598467338830e+02
2.922257040296088690e+03 -9.133767213779501617e+02
2.922277873629421720e+03 -8.018139936428051442e+02
2.922298706962755205e+03 -1.805765307712135836e+02
2.922319540296088690e+03 -5.962438014533836395e+01
2.922340373629421720e+03 3.719488702142843977e+02
2.922361206962755205e+03 -7.769512188982916996e+02
2.922382040296088690e+03 -2.118301351184491068e+02
2.922402873629421720e+03 -1.165646622525993735e+03
2.922423706962755205e+03 -9.250376108970958740e+02
2.922444540296088690e+03 -2.420076475215610117e+02
2.922465373629421720e+03 -1.412131896473350935e+03
2.922486206962755205e+03 -8.465368666916619986e+02
2.922507040296088690e+03 -8.881394767202436924e+00
2.922527873629421720e+03 2.533583116531372070e+01
2.922548706962755205e+03 1.002028184103430249e+03
2.922569540296088690e+03 3.447628694820450619e+02
2.922590373629422174e+03 1.809158439987571910e+03
2.922611206962755205e+03 5.113839518881868571e+02
2.922632040296088690e+03 4.046858110676985234e+02
2.922652873629422174e+03 5.306666144502814859e+02
2.922673706962755205e+03 5.320236435501137748e+02
2.922694540296088690e+03 1.300659166273311712e+03
2.922715373629422174e+03 4.085085194085258991e+02
2.922736206962755205e+03 2.644282582582673058e+02
2.922757040296088690e+03 -1.049074626697693020e+02
2.922777873629422174e+03 4.429577872712397948e+02
2.922798706962755205e+03 9.064809311206918210e+02
2.922819540296088690e+03 3.221735250281635672e+02
2.922840373629422174e+03 4.079558989546494558e+02
2.922861206962755205e+03 -4.435496331286849454e+02
2.922882040296088690e+03 -3.745299082519486547e+02
2.922902873629422174e+03 3.561664376365952194e+02
2.922923706962755205e+03 -3.334818970614578575e+02
2.922944540296088690e+03 5.253603888388024643e+02
2.922965373629422174e+03 2.813026189270894974e+02
2.922986206962755205e+03 -3.059544348691124469e+02
2.923007040296088690e+03 -7.096959255896508694e+02
2.923027873629422174e+03 -1.326547649094602093e+03
2.923048706962755205e+03 -9.523978220567805693e+02
2.923069540296088690e+03 -7.530253896774956957e+02
2.923090373629422174e+03 -9.298991847313009202e+02
2.923111206962755205e+03 -7.305874762234743685e+02
2.923132040296088690e+03 -9.164003723144996911e+02
2.923152873629422174e+03 -7.026176373974885792e+02
2.923173706962755205e+03 -3.225039781284285709e+02
2.923194540296088690e+03 -3.763296257326146588e+02
2.923215373629422174e+03 6.320218195321504027e+02
2.923236206962755205e+03 4.278478388466173783e+02
2.923257040296088690e+03 5.655322476212168112e+02
2.923277873629422174e+03 -4.361393270425032824e+02
2.923298706962755205e+03 1.015197323833126575e+01
2.923319540296088690e+03 5.161804798955563456e+01
2.923340373629422174e+03 -5.962380700551439077e+02
2.923361206962755205e+03 nan
2.923382040296088690e+03 nan
2.923402873629422174e+03 nan
2.923423706962755205e+03 nan
2.923444540296088690e+03 nan
2.923465373629422174e+03 nan
2.923486206962755205e+03 nan
2.923507040296088690e+03 nan
2.923527873629422174e+03 nan
2.923548706962755205e+03 nan
2.923569540296088690e+03 5.124373520766384900e+02
2.923590373629422174e+03 8.163779498569201678e+02
2.923611206962755205e+03 1.558727632571710274e+03
2.923632040296088690e+03 8.276792251459555700e+02
2.923652873629422174e+03 4.377632940496550873e+02
2.923673706962755205e+03 6.627840745681896806e+02
2.923694540296088690e+03 1.607541137272026390e+03
2.923715373629422174e+03 1.829944367481162772e+03
2.923736206962755205e+03 1.404319417830556631e+02
2.923757040296088690e+03 4.246810148010263219e+02
2.923777873629422174e+03 4.633173973774537444e+02
2.923798706962755205e+03 1.129823739294311963e+03
2.923819540296088690e+03 3.667525089739356190e+02
2.923840373629422174e+03 6.050638581746025011e+02
2.923861206962755205e+03 5.121990619890857488e+01
2.923882040296088690e+03 2.152822615727782249e+02
2.923902873629422174e+03 1.555808000019751489e+02
2.923923706962755205e+03 -7.628121802025707439e+02
2.923944540296088690e+03 2.785720533624989912e+02
2.923965373629422174e+03 -1.566802912865532562e+02
2.923986206962755205e+03 -6.140798178834374994e+02
2.924007040296088690e+03 6.390094747859984636e+01
2.924027873629422174e+03 -3.514419982954859734e+01
2.924048706962755205e+03 -4.315181144220987335e+02
2.924069540296088690e+03 1.864440801633521914e+03
2.924090373629422174e+03 -2.297920748755568638e+02
2.924111206962755205e+03 -5.148135323106544092e+02
2.924132040296088690e+03 3.389593523287912831e+02
2.924152873629422174e+03 1.128481907332781702e+03
2.924173706962755205e+03 -4.370063799866475165e+02
2.924194540296088690e+03 5.612002549731405452e+02
2.924215373629422174e+03 4.852223108168691397e+02
2.924236206962755205e+03 1.063680807054741308e+03
2.924257040296088690e+03 7.448464100124547258e+02
2.924277873629422174e+03 7.927590405347291380e+01
2.924298706962755205e+03 7.526585551700554788e+02
2.924319540296088690e+03 9.135549038356402889e+02
2.924340373629422174e+03 1.059235574201913550e+03
2.924361206962755205e+03 -2.856486094382125884e+01
2.924382040296088690e+03 -7.859517827274976298e+02
2.924402873629422174e+03 3.897159963899757713e+02
2.924423706962755205e+03 -2.514086761956568807e+02
2.924444540296088690e+03 -2.777211185382911935e+02
2.924465373629422174e+03 3.752960213306359947e+02
2.924486206962755205e+03 2.050037976925959811e+02
2.924507040296088690e+03 7.812700577421346679e+02
2.924527873629422174e+03 7.417685205972520635e+02
2.924548706962755205e+03 8.313869344942504540e+02
2.924569540296088690e+03 1.092379928967216983e+03
2.924590373629422174e+03 8.516023053413955495e+02
2.924611206962755205e+03 2.873020238572498783e+02
2.924632040296088690e+03 1.839046766838291660e+02
2.924652873629422174e+03 7.039420873799826950e+01
2.924673706962755205e+03 -3.727823118262458593e+02
2.924694540296088690e+03 -1.943841540862340480e+02
2.924715373629422174e+03 -8.698363559863064438e+02
2.924736206962755205e+03 -5.113287088967626914e+02
2.924757040296088690e+03 -9.503617353278677911e+02
2.924777873629422174e+03 -1.350361238755169325e+03
2.924798706962755205e+03 -1.108055248456657864e+03
2.924819540296088690e+03 -6.379856715848436579e+02
2.924840373629422174e+03 -3.101199615171644837e+02
2.924861206962755205e+03 -1.443639603006886318e+02
2.924882040296088690e+03 -2.694278161439578980e+02
2.924902873629422174e+03 7.576277484430465847e+02
2.924923706962755205e+03 5.257919115895638242e+02
2.924944540296088690e+03 4.005172425806522369e+02
2.924965373629422174e+03 4.499411036001984030e+02
2.924986206962755205e+03 -2.892678471549879760e+01
2.925007040296088690e+03 4.726418325925478712e+02
2.925027873629422174e+03 1.895917907865950838e+02
2.925048706962755205e+03 -3.221041664798976853e+02
2.925069540296088690e+03 -3.252601371972123161e+02
2.925090373629422174e+03 -6.736909106101375073e+02
2.925111206962755205e+03 -6.331171608126023784e+02
2.925132040296088690e+03 -7.910611060342052951e+02
2.925152873629422174e+03 -6.012767710980260745e+02
2.925173706962755205e+03 -5.920191845413064584e+02
2.925194540296088690e+03 6.435559789979597554e+02
2.925215373629422174e+03 -4.283720018919557333e+02
2.925236206962755205e+03 1.851736776727484539e+02
2.925257040296088690e+03 1.387565967317786999e+03
2.925277873629422174e+03 1.544832280517788604e+03
2.925298706962755205e+03 4.143000700267730281e+02
2.925319540296088690e+03 -1.199020981105277315e+02
2.925340373629422174e+03 -1.697900154496310279e+02
2.925361206962755205e+03 -4.669134013834409416e+02
2.925382040296088690e+03 -7.902473867724183947e+02
2.925402873629422174e+03 -2.249732251489767805e+02
2.925423706962755205e+03 2.397978562708012760e+02
2.925444540296088690e+03 -3.884976201631361619e+02
2.925465373629422174e+03 -7.557824852388584986e+02
2.925486206962755205e+03 -6.364723164191236719e+02
2.925507040296088690e+03 -4.229737758247647434e+02
2.925527873629422174e+03 2.376311189441476017e+02
2.925548706962755205e+03 -5.003634194723563269e+02
2.925569540296088690e+03 -1.290705783696612343e+02
2.925590373629422174e+03 -7.062864203922217712e+02
2.925611206962755205e+03 4.793823285136604682e+02
2.925632040296088690e+03 5.879464226390700787e+01
2.925652873629422174e+03 -6.708333453617524356e+01
2.925673706962755205e+03 6.699757853206247091e+02
2.925694540296088690e+03 -2.131816226674709469e+02
2.925715373629422174e+03 -5.721397672776365653e+02
2.925736206962755205e+03 -1.335771943839034066e+03
2.925757040296088690e+03 -3.250861939884489402e+02
2.925777873629422174e+03 -5.410403188586933538e+02
2.925798706962755205e+03 -6.054682913194410503e+02
2.925819540296088690e+03 -5.069894715411355719e+02
2.925840373629422174e+03 -6.013790955268777907e+02
2.925861206962755205e+03 -9.627258453750982881e+00
2.925882040296088690e+03 -9.482779710366157815e+02
2.925902873629422174e+03 -4.314162326257210225e+02
2.925923706962755205e+03 -2.220305658534634858e+02
2.925944540296088690e+03 -2.955845036908285692e+02
2.925965373629422174e+03 -4.293581597235752270e+02
2.925986206962755205e+03 -6.126743577932938933e+02
2.926007040296088690e+03 -1.217289726512972265e+03
2.926027873629422174e+03 -6.824611349256010726e+02
2.926048706962755205e+03 -5.057900398013880476e+02
2.926069540296088690e+03 8.928100404841825366e+01
2.926090373629422174e+03 1.100161992785288021e+02
2.926111206962755205e+03 -2.699720812622690573e+02
2.926132040296088690e+03 -4.091378587635699660e+01
2.926152873629422174e+03 4.666416329599451274e+02
2.926173706962755205e+03 5.143889447336550802e+01
2.926194540296088690e+03 -4.613570398744195700e+01
2.926215373629422174e+03 7.453347679047146812e+02
2.926236206962755205e+03 8.423134884622413665e+02
2.926257040296088690e+03 -3.532254628840601072e+02
2.926277873629422174e+03 -1.834879589568590745e+02
2.926298706962755205e+03 5.128554753753123805e+02
2.926319540296088690e+03 -2.138216922339051962e+01
2.926340373629422174e+03 -4.658018012250540778e+02
2.926361206962755205e+03 -9.981801459406269714e+02
2.926382040296088690e+03 -1.908648000295506790e+02
2.926402873629422174e+03 -8.327962693164590746e+02
2.926423706962755205e+03 -5.472749319497961551e+02
2.926444540296088690e+03 -1.203581091581727378e+03
2.926465373629422174e+03 -1.249086421115789562e+02
2.926486206962755205e+03 -3.965993270451435819e+02
2.926507040296088690e+03 -3.976300940647488460e+02
2.926527873629422174e+03 3.927674616487929597e+02
2.926548706962755205e+03 -2.444891069971490651e+02
2.926569540296088690e+03 1.323058670270256698e+00
2.926590373629422174e+03 1.460869741882779635e+03
2.926611206962755205e+03 1.165044338653096929e+02
2.926632040296088690e+03 -8.826904092181939632e+01
2.926652873629422174e+03 4.475549937851028517e+02
2.926673706962755205e+03 -1.103962555329781026e+01
2.926694540296088690e+03 -3.356746941021410748e+02
2.926715373629422174e+03 -7.624365605134516954e+01
2.926736206962755205e+03 3.211249257751042023e+02
2.926757040296088690e+03 5.977210192920174450e+02
2.926777873629422174e+03 -1.407924109273590147e+02
2.926798706962755205e+03 -3.358140233409358189e+02
2.926819540296088690e+03 3.488535731722367927e+02
2.926840373629422174e+03 -5.798385885768802837e+02
2.926861206962755205e+03 6.089890754153020680e+01
2.926882040296088690e+03 -1.729682397262658924e+02
2.926902873629422174e+03 4.596470426685409620e+02
2.926923706962755205e+03 4.813906450852518901e+02
2.926944540296088690e+03 8.083515554131008685e+01
2.926965373629422174e+03 5.546551043471554294e+02
2.926986206962755205e+03 -1.714853485749335960e+02
2.927007040296088690e+03 -2.636391500505851582e+02
2.927027873629422174e+03 -2.685067292862804607e+02
2.927048706962755205e+03 -3.387209242050303146e+02
2.927069540296088690e+03 5.560777812963351607e+00
2.927090373629422174e+03 -2.589452838234137744e+02
2.927111206962755205e+03 -4.858350934751797467e+01
2.927132040296088690e+03 -2.714798873297404498e+02
2.927152873629422174e+03 9.954818412312306464e+00
2.927173706962755205e+03 1.399176173545536585e+03
2.927194540296088690e+03 8.189694625368574634e+02
2.927215373629422174e+03 8.263993694504024461e+02
2.927236206962755205e+03 1.422212352240458131e+02
2.927257040296088690e+03 3.750857584294863045e+02
2.927277873629422174e+03 -6.475202425657771528e+02
2.927298706962755205e+03 -4.535343274573097005e+02
2.927319540296088690e+03 -7.739858095871750265e+02
2.927340373629422174e+03 -6.336290483945049345e+02
2.927361206962755205e+03 -3.804720044594723731e+02
2.927382040296088690e+03 1.919339341154554859e+02
2.927402873629422174e+03 9.201652258411049843e+02
2.927423706962755205e+03 3.169561567052733153e+02
2.927444540296088690e+03 1.276463615269400179e+03
2.927465373629422174e+03 1.432508923213230446e+03
2.927486206962755205e+03 7.623728589756647125e+02
2.927507040296088690e+03 9.698834051277954131e+02
2.927527873629422174e+03 2.550933079019887373e+02
2.927548706962755205e+03 7.931781877052271739e+02
2.927569540296088690e+03 -2.556585920611396432e+02
2.927590373629422174e+03 -8.470369745857315138e+02
2.927611206962755205e+03 -6.165060803632950410e+02
2.927632040296088690e+03 -4.516025924509158358e+02
2.927652873629422174e+03 -4.540330679886974394e+02
2.927673706962755205e+03 -1.095895177005324513e+03
2.927694540296088690e+03 -5.465868865118827671e+02
2.927715373629422174e+03 -1.124388251275988296e+03
2.927736206962755205e+03 1.349044529601233080e+02
2.927757040296088690e+03 8.536479453697102144e+02
2.927777873629422174e+03 2.881758834872161970e+02
2.927798706962755205e+03 -1.506101024193922058e+02
2.927819540296088690e+03 7.116402644629124552e+02
2.927840373629422174e+03 3.592191139911301434e+02
2.927861206962755205e+03 2.840494244045112282e+01
2.927882040296088690e+03 -3.609680938142118976e+02
2.927902873629422174e+03 3.251197397068608552e+02
2.927923706962755205e+03 4.361278281625127420e+02
2.927944540296088690e+03 2.012504435168812051e+02
2.927965373629422174e+03 4.038310030653374270e+02
2.927986206962755205e+03 -1.562618111039046198e+01
2.928007040296088690e+03 -4.805916674504987895e+01
2.928027873629422174e+03 2.531394540037726983e+02
2.928048706962755205e+03 9.235962958401069045e+01
2.928069540296088690e+03 -4.424865155917359516e+02
2.928090373629422174e+03 6.902882413046900183e+02
2.928111206962755205e+03 4.114842789458343759e+02
2.928132040296088690e+03 7.415011307600652799e+02
2.928152873629421720e+03 -1.822778296497417614e+02
2.928173706962755205e+03 -3.049712314883945510e+02
2.928194540296088690e+03 2.516149297851370648e+02
2.928215373629421720e+03 -9.533699699165299535e+01
2.928236206962755205e+03 4.957742286153370515e+02
2.928257040296088690e+03 -4.725647828308865428e+01
2.928277873629421720e+03 -3.840988389588892460e+02
2.928298706962755205e+03 -3.134770645604003221e+02
2.928319540296088690e+03 -3.426130353778135031e+02
2.928340373629421720e+03 -3.017367356995819137e+02
2.928361206962755205e+03 -4.379075209803413600e+02
2.928382040296088690e+03 3.272378551838919520e+02
2.928402873629421720e+03 -6.692121198156382889e+01
2.928423706962755205e+03 8.931154453561175615e+02
2.928444540296088690e+03 3.718901980209629983e+02
2.928465373629421720e+03 8.672193380335811526e+02
2.928486206962755205e+03 6.087494061125908047e+02
2.928507040296088690e+03 5.236847579064778984e+02
2.928527873629421720e+03 3.575235334358876571e+02
2.928548706962755205e+03 -2.879867930858163163e+02
2.928569540296088690e+03 1.250430701774312183e+02
2.928590373629421720e+03 4.231731201824732125e+01
2.928611206962755205e+03 -1.981136852344498038e+02
2.928632040296088690e+03 -2.381169751944253221e+02
2.928652873629421720e+03 -2.749967695126542822e+02
2.928673706962755205e+03 -1.318554015662521124e+02
2.928694540296088690e+03 -5.990419798461953178e+02
2.928715373629421720e+03 -9.959665634878911078e+01
2.928736206962755205e+03 -1.358666602558223531e+02
2.928757040296088690e+03 -2.294114634924335405e+02
2.928777873629421720e+03 1.959793631895445287e+01
2.928798706962755205e+03 5.496468871942488477e+02
2.928819540296088690e+03 9.272328863261500373e+02
2.928840373629421720e+03 1.145701019754633307e+02
2.928861206962755205e+03 3.760485932084266096e+02
2.928882040296088690e+03 7.803978354457067326e+02
2.928902873629421720e+03 7.254152909909607843e+02
2.928923706962755205e+03 5.269086632406106219e+02
2.928944540296088690e+03 3.838258977774530649e+02
2.928965373629421720e+03 3.325664089515339583e+01
2.928986206962755205e+03 2.678592901368392631e+02
2.929007040296088690e+03 6.722066776932915673e+02
2.929027873629421720e+03 2.629575310329673812e+02
2.929048706962755205e+03 -2.022222940482897684e+02
2.929069540296088690e+03 2.206690412061288953e+02
2.929090373629421720e+03 5.662633310283999890e+02
2.929111206962755205e+03 -1.222812152438564226e+02
2.929132040296088690e+03 2.657896072685252875e+01
2.929152873629421720e+03 4.212109739019069821e+01
2.929173706962755205e+03 2.426826465025078505e+01
2.929194540296088690e+03 5.038956006616353989e+01
2.929215373629421720e+03 -3.813279674018267542e+02
2.929236206962755205e+03 1.585045436095679179e+02
2.929257040296088690e+03 6.087392159904120490e+02
2.929277873629421720e+03 2.712335783255985007e+02
2.929298706962755205e+03 -2.744836233209352940e+02
2.929319540296088690e+03 1.351139629376120865e+01
2.929340373629421720e+03 3.376648090116214007e+01
2.929361206962755205e+03 -1.029164464976638556e+02
2.929382040296088690e+03 -1.850255131557350978e+02
2.929402873629421720e+03 -2.151195359041448683e+02
2.929423706962755205e+03 -4.001095149267930537e+02
2.929444540296088690e+03 -5.479173722842242569e+02
2.929465373629421720e+03 -5.246613004461396486e+02
2.929486206962755205e+03 -3.845070742694661021e+02
2.929507040296088690e+03 -4.608114292938262224e+01
2.929527873629421720e+03 -9.934634582849685103e+01
2.929548706962755205e+03 -6.312546776175731793e+02
2.929569540296088690e+03 -4.058171807642793283e+02
2.929590373629421720e+03 -9.785446992737706751e+01
2.929611206962755205e+03 -1.533731251739664003e+02
2.929632040296088690e+03 -1.039908226999803446e+03
2.929652873629421720e+03 -5.310651697710854933e+02
2.929673706962755205e+03 -1.007592550325090997e+03
2.929694540296088690e+03 -4.219078613106394187e+02
2.929715373629421720e+03 -3.422651879383483902e+02
2.929736206962755205e+03 -4.435888480029534549e+02
2.929757040296088690e+03 -6.710035736247664317e+02
2.929777873629421720e+03 -7.545377948103705421e+02
2.929798706962755205e+03 -6.982039844722021371e+02
2.929819540296088690e+03 -1.198623707650694996e+02
2.929840373629421720e+03 -2.370600335445487872e+02
2.929861206962755205e+03 -2.275936001647496596e+02
2.929882040296088690e+03 -2.856733556184917688e+02
2.929902873629421720e+03 -5.912105072463164106e+02
2.929923706962755205e+03 -4.088751084770774469e+02
2.929944540296088690e+03 -1.843692727331072092e+02
2.929965373629421720e+03 1.135982370165875182e+02
2.929986206962755205e+03 -2.912809649654664099e+02
2.930007040296088690e+03 -1.822282852650387213e+02
2.930027873629421720e+03 2.676637158618541434e+02
2.930048706962755205e+03 2.897814220439177006e+02
2.930069540296088690e+03 4.889794645201181993e+02
2.930090373629421720e+03 7.018416397939436138e+02
2.930111206962755205e+03 6.685311993736540899e+02
2.930132040296088690e+03 1.984368313992163166e+02
2.930152873629421720e+03 2.285793507893104106e+02
2.930173706962755205e+03 3.174595398386009037e+01
2.930194540296088690e+03 -3.809286479632137343e+02
2.930215373629421720e+03 -4.034458540399791673e+02
2.930236206962755205e+03 -1.065038989851251245e+03
2.930257040296088690e+03 -7.866719066163059324e+02
2.930277873629421720e+03 -6.555074971698923036e+02
2.930298706962755205e+03 nan
2.930319540296088690e+03 nan
2.930340373629421720e+03 nan
2.930361206962755205e+03 nan
2.930382040296088690e+03 nan
2.930402873629421720e+03 nan
2.930423706962755205e+03 nan
2.930444540296088690e+03 nan
2.930465373629421720e+03 nan
2.930486206962755205e+03 nan
2.930507040296088690e+03 -2.113782757098088041e+02
2.930527873629421720e+03 -1.830833508864743635e+02
2.930548706962755205e+03 5.424321612858911976e+02
2.930569540296088690e+03 -3.048805698943324387e+02
2.930590373629421720e+03 -6.129238029259722680e+02
2.930611206962755205e+03 4.698518651432823390e+01
2.930632040296088690e+03 -3.884247061013011262e+02
2.930652873629421720e+03 -5.611547862284351140e+02
2.930673706962755205e+03 7.270868655212689191e+02
2.930694540296088690e+03 2.605553262212779373e+02
2.930715373629421720e+03 4.134520191501360387e+02
2.930736206962755205e+03 8.645059544347459450e+02
2.930757040296088690e+03 1.867886245347326621e+02
2.930777873629421720e+03 -1.771836085568647832e+02
2.930798706962755205e+03 7.399782031856011599e+01
2.930819540296088235e+03 5.856773176072165370e+02
2.930840373629421720e+03 1.723216464726720005e+02
2.930861206962755205e+03 7.241344584808684886e+02
2.930882040296088235e+03 3.197876987369963899e+02
2.930902873629421720e+03 5.165432668512221426e+01
2.930923706962755205e+03 2.268939581463346258e+02
2.930944540296088235e+03 -7.687900291953701526e+01
2.930965373629421720e+03 -2.006698527589906007e+02
2.930986206962755205e+03 1.779239654164994135e+02
2.931007040296088235e+03 3.765839840224944055e+02
2.931027873629421720e+03 5.408318836062680930e+02
2.931048706962755205e+03 8.302656513394322246e+02
2.931069540296088235e+03 5.887543206404661760e+02
2.931090373629421720e+03 9.975125239511253312e+02
2.931111206962755205e+03 1.017052916623186320e+03
2.931132040296088235e+03 6.100496672041481361e+02
2.931152873629421720e+03 1.013211191762820818e+03
2.931173706962755205e+03 1.018573806771193631e+03
2.931194540296088235e+03 8.917766381141263992e+02
2.931215373629421720e+03 4.968504841381218284e+02
2.931236206962755205e+03 4.189563138306839392e+02
2.931257040296088235e+03 2.637030140655115247e+02
2.931277873629421720e+03 -3.418850627756910399e+02
2.931298706962755205e+03 2.617587443204829469e+02
2.931319540296088235e+03 -7.085183632350526750e+02
2.931340373629421720e+03 -1.125432037586579099e+02
2.931361206962755205e+03 -1.819723855706397444e+02
2.931382040296088235e+03 3.674257999492110685e+02
2.931402873629421720e+03 -2.778308404101990163e+02
2.931423706962755205e+03 -1.987398137378040701e+02
2.931444540296088235e+03 8.076962008327245712e+01
2.931465373629421720e+03 5.092563696170691401e+01
2.931486206962755205e+03 2.040405311165377498e+02
2.931507040296088235e+03 1.551543342096265405e+02
2.931527873629421720e+03 3.820045763193629682e+02
2.931548706962755205e+03 1.315445214849314652e+03
2.931569540296088235e+03 2.431144858684856445e+02
2.931590373629421720e+03 1.643048220217460766e+02
2.931611206962755205e+03 1.019766650727251545e+02
2.931632040296088235e+03 4.841901865217369050e+02
2.931652873629421720e+03 2.756174234047066420e+02
2.931673706962755205e+03 1.750598425772041082e+02
2.931694540296088235e+03 -1.667376342008356005e+01
2.931715373629421720e+03 3.501439126406330615e+02
2.931736206962755205e+03 2.042259108194848523e+02
2.931757040296088235e+03 2.127284318547463045e+02
2.931777873629421720e+03 -3.819378934939159080e+02
2.931798706962755205e+03 1.132929561507189646e+02
2.931819540296088235e+03 5.653267080562654883e+02
2.931840373629421720e+03 -1.642937030119355768e+02
2.931861206962755205e+03 -8.341022696241270751e+01
2.931882040296088235e+03 4.503453984357183799e+02
2.931902873629421720e+03 -2.854480557418428361e+02
2.931923706962755205e+03 4.459804606055840850e+02
2.931944540296088235e+03 2.666993416170589626e+01
2.931965373629421720e+03 2.732698945075972006e+02
2.931986206962755205e+03 -1.857518322785617784e+02
2.932007040296088235e+03 2.447001876261783764e+02
2.932027873629421720e+03 7.731105630981037393e+02
2.932048706962755205e+03 5.200416721808724105e+02
2.932069540296088235e+03 2.748327355510555208e+02
2.932090373629421720e+03 -6.119084738950477913e+02
2.932111206962755205e+03 -3.715990654774941504e+00
2.932132040296088235e+03 -1.771238513117423281e+02
2.932152873629421720e+03 1.833985007364535704e+02
2.932173706962755205e+03 2.383641788453096524e+02
2.932194540296088235e+03 -2.402316071753157303e+02
2.932215373629421720e+03 3.646010815472109243e+02
2.932236206962755205e+03 3.940574429614935070e+01
2.932257040296088235e+03 2.605937183499336243e+02
2.932277873629421720e+03 1.015438627820811234e+03
2.932298706962755205e+03 4.527241588333854452e+02
2.932319540296088235e+03 6.785368233798071742e+02
2.932340373629421720e+03 1.053000100489240140e+03
2.932361206962755205e+03 4.863884108625352383e+02
2.932382040296088235e+03 -3.865688272332772613e+01
2.932402873629421720e+03 4.637377653880976140e+02
2.932423706962755205e+03 -7.918919054861180484e+01
2.932444540296088235e+03 3.742817851763684303e+02
2.932465373629421720e+03 4.465544728137319908e+02
2.932486206962755205e+03 3.458232423404697329e+02
2.932507040296088235e+03 -1.673589798206230626e+02
2.932527873629421720e+03 2.068241955005796626e+02
2.932548706962755205e+03 -1.746628554500639439e+02
2.932569540296088235e+03 -7.070953426836058497e+01
2.932590373629421720e+03 -2.111851986501133069e+02
2.932611206962755205e+03 -5.687605739526916295e+02
2.932632040296088235e+03 -3.225420680232346058e+02
2.932652873629421720e+03 -2.696326319435611367e+02
2.932673706962755205e+03 2.689410652214428410e+02
2.932694540296088235e+03 1.832723173501435667e+02
2.932715373629421720e+03 -1.718154563267016783e+02
2.932736206962755205e+03 -1.035657132943393663e+03
2.932757040296088235e+03 -5.792258209852734581e+02
2.932777873629421720e+03 -2.327740446644602343e+02
2.932798706962755205e+03 -7.891581986073870212e+02
2.932819540296088235e+03 8.248473035218194127e+01
2.932840373629421720e+03 -1.244437595042400062e+02
2.932861206962755205e+03 -5.069298016490647569e+02
2.932882040296088235e+03 -4.810769784776493907e+01
2.932902873629421720e+03 -4.448855141330277547e+02
2.932923706962755205e+03 -7.654252102494938299e+02
2.932944540296088235e+03 -8.552807431300170720e+02
2.932965373629421720e+03 -8.868831570621114224e+02
2.932986206962755205e+03 -3.309596401999006048e+02
2.933007040296088235e+03 -5.206075046129990369e+02
2.933027873629421720e+03 -7.470899197018006817e+02
2.933048706962755205e+03 -4.144520509387366474e+02
2.933069540296088235e+03 1.073872088072821498e+02
2.933090373629421720e+03 -3.990695375978248194e+02
2.933111206962755205e+03 -3.395066204719478264e+02
2.933132040296088235e+03 2.597635147365508601e+02
2.933152873629421720e+03 -7.247548951813951135e+02
2.933173706962755205e+03 -9.774498853483237326e+01
2.933194540296088235e+03 -5.711883804065873846e+02
2.933215373629421720e+03 6.648368633573409170e+01
2.933236206962755205e+03 -4.678063284098170698e+02
2.933257040296088235e+03 -6.331901642808225006e+02
2.933277873629421720e+03 -1.143239466486149468e+03
2.933298706962755205e+03 -1.148401188433635980e+02
2.933319540296088235e+03 -4.388474539152812213e+02
2.933340373629421720e+03 -1.036086973664467223e+03
2.933361206962755205e+03 -1.248757412038394250e+03
2.933382040296088235e+03 -7.633870748563203961e+02
2.933402873629421720e+03 -4.643219021416734904e+02
2.933423706962755205e+03 2.406062011024914682e+00
2.933444540296088235e+03 2.146805086234817281e+02
2.933465373629421720e+03 -1.646810064977034926e+01
2.933486206962754750e+03 9.716501459421124309e+01
2.933507040296088235e+03 1.690011075220536441e+01
2.933527873629421720e+03 -3.728686293694190681e+02
2.933548706962754750e+03 -5.307839298199396580e+02
2.933569540296088235e+03 -2.408929392587160692e+02
2.933590373629421720e+03 -3.700036199962487444e+02
2.933611206962754750e+03 1.787348866134416312e+02
2.933632040296088235e+03 2.135749660397414118e+02
2.933652873629421720e+03 -7.047064572721719742e+02
2.933673706962754750e+03 -6.979109039674513042e+02
2.933694540296088235e+03 3.522208503920119256e+02
2.933715373629421720e+03 -7.745702536315657198e+02
2.933736206962754750e+03 -1.195618842535186559e+03
2.933757040296088235e+03 -3.256551869495306164e+02
2.933777873629421720e+03 -1.137147069928469136e+02
2.933798706962754750e+03 7.229298448411282152e+01
2.933819540296088235e+03 -3.046506496709771454e+02
2.933840373629421720e+03 -1.556324053287971765e+02
2.933861206962754750e+03 -5.982174648066284135e+02
2.933882040296088235e+03 -6.493322148766601458e+02
2.933902873629421720e+03 4.160673654662678018e+02
2.933923706962754750e+03 -6.610746472042519599e+02
2.933944540296088235e+03 1.690506040874170139e+02
2.933965373629421720e+03 1.823040781340096146e+02
2.933986206962754750e+03 -5.071018751680385321e+02
2.934007040296088235e+03 5.383565044030547142e+01
2.934027873629421720e+03 1.076142589438823052e+03
2.934048706962754750e+03 -1.830040866384515539e+02
2.934069540296088235e+03 2.013305699892807752e+02
2.934090373629421720e+03 3.170508192777633667e+02
2.934111206962754750e+03 -8.712251793635077775e+02
2.934132040296088235e+03 -1.164033317806315608e+03
2.934152873629421720e+03 -5.393583825043169782e+02
2.934173706962754750e+03 -7.273110254115890712e+02
2.934194540296088235e+03 1.388840901256771758e+02
2.934215373629421720e+03 -1.402546529492828995e+02
2.934236206962754750e+03 -3.485595451307017356e+01
2.934257040296088235e+03 4.829768734440440312e+02
2.934277873629421720e+03 1.332612283116905019e+02
2.934298706962754750e+03 1.746547567301895469e+02
2.934319540296088235e+03 3.083541031716158614e+02
2.934340373629421720e+03 5.405040861782617867e+02
2.934361206962754750e+03 1.109445214376552030e+03
2.934382040296088235e+03 8.928623412272427231e+02
2.934402873629421720e+03 5.163142057183431461e+02
2.934423706962754750e+03 -4.267695022549014539e+01
2.934444540296088235e+03 5.948415080364793539e+01
2.934465373629421720e+03 -5.986537944641895592e+01
2.934486206962754750e+03 7.786063599752960727e+02
2.934507040296088235e+03 8.213605717173777521e+01
2.934527873629421720e+03 1.375895825971383601e+01
2.934548706962754750e+03 9.326345777059905231e+02
2.934569540296088235e+03 2.914086505611194298e+02
2.934590373629421720e+03 -3.848973645493388176e+02
2.934611206962754750e+03 -6.785563111506635323e+02
2.934632040296088235e+03 8.587145422281464562e+02
2.934652873629421720e+03 3.835221337347757071e+02
2.934673706962754750e+03 8.345622543586650863e+02
2.934694540296088235e+03 9.365070055972319096e+02
2.934715373629421720e+03 8.415093370124232024e+02
2.934736206962754750e+03 1.060621358627919108e+03
2.934757040296088235e+03 4.645153494138503447e+02
2.934777873629421720e+03 5.098460832778364420e+02
2.934798706962754750e+03 5.157681578487390652e+02
2.934819540296088235e+03 -5.870470785466022789e+01
2.934840373629421720e+03 2.953563484795158729e+02
2.934861206962754750e+03 -1.031079463796922937e+02
2.934882040296088235e+03 5.075493575844448060e+02
2.934902873629421720e+03 -2.407079731657868251e+02
2.934923706962754750e+03 -2.893164059141417965e+02
2.934944540296088235e+03 1.059651236768113449e+02
2.934965373629421720e+03 -3.799396684764651582e+02
2.934986206962754750e+03 2.659295537535799667e+02
2.935007040296088235e+03 -5.698679028527112678e+02
2.935027873629421720e+03 4.527532981988042593e+01
2.935048706962754750e+03 -4.529033924505347386e+02
2.935069540296088235e+03 -1.613548431725939736e+02
2.935090373629421720e+03 -6.966654631856363267e+01
2.935111206962754750e+03 7.234929446730529889e+02
2.935132040296088235e+03 6.720217819642275572e+02
2.935152873629421720e+03 1.718141619480447844e+02
2.935173706962754750e+03 7.125144477291032672e+02
2.935194540296088235e+03 1.498736675351392478e+01
2.935215373629421720e+03 4.860284884755965322e+02
2.935236206962754750e+03 9.203115110947983339e+02
2.935257040296088235e+03 3.026651738331420347e+02
2.935277873629421720e+03 -1.392472208914114162e+02
2.935298706962754750e+03 6.853632485674461350e+02
2.935319540296088235e+03 -2.274287635684013367e+02
2.935340373629421720e+03 -3.521113454119767994e+02
2.935361206962754750e+03 -3.952927405654918402e+01
2.935382040296088235e+03 -1.204899295285576954e+02
2.935402873629421720e+03 8.594654715376673266e+02
2.935423706962754750e+03 3.294773532651597634e+02
2.935444540296088235e+03 -9.281672296184115112e+01
2.935465373629421720e+03 1.665876269200816751e+02
2.935486206962754750e+03 1.483025754107278772e+03
2.935507040296088235e+03 5.690200835145078599e+02
2.935527873629421720e+03 5.288203664496541023e+02
2.935548706962754750e+03 1.073630802376894280e+03
2.935569540296088235e+03 9.518007333400892094e+02
2.935590373629421720e+03 8.934123794214101508e+02
2.935611206962754750e+03 1.002567140448372811e+02
2.935632040296088235e+03 1.594122680618194863e+03
2.935652873629421720e+03 1.305881337704719044e+03
2.935673706962754750e+03 5.666609228759771213e+02
2.935694540296088235e+03 3.205129918111488223e+02
2.935715373629421720e+03 7.382918996006483212e+02
2.935736206962754750e+03 4.892719395827734843e+02
2.935757040296088235e+03 5.654114761028904468e+01
2.935777873629421720e+03 2.996208469521952793e+02
2.935798706962754750e+03 3.753045261130901054e+02
2.935819540296088235e+03 1.778268322870135307e+02
2.935840373629421720e+03 -7.304970388521905988e+01
2.935861206962754750e+03 -3.440732764592394233e+01
2.935882040296088235e+03 -1.397121162179391831e+02
2.935902873629421720e+03 -4.635278753595193848e+02
2.935923706962754750e+03 6.306187621864955872e+01
2.935944540296088235e+03 1.092367795462487265e+02
2.935965373629421720e+03 -6.998744515568250790e+02
2.935986206962754750e+03 -3.467988328915089369e+01
2.936007040296088235e+03 -7.777425660251174122e+01
2.936027873629421720e+03 -8.545775519891176373e+02
2.936048706962754750e+03 9.756725101384799927e+02
2.936069540296088235e+03 1.316536485010292381e+02
2.936090373629421720e+03 -4.005433211479103193e+02
2.936111206962754750e+03 -4.650592235918156803e+01
2.936132040296088235e+03 -8.207503432861994952e+02
2.936152873629421265e+03 -4.087260604687035084e+02
2.936173706962754750e+03 -6.556623103644233197e+01
2.936194540296088235e+03 -2.521999176962999627e+02
2.936215373629421265e+03 1.460128439790569246e+02
2.936236206962754750e+03 6.447919754764297977e+02
2.936257040296088235e+03 4.985905405824305490e+02
2.936277873629421265e+03 3.618208659818628803e+02
2.936298706962754750e+03 9.302140956900548190e+02
2.936319540296088235e+03 9.273366698442259803e+02
2.936340373629421265e+03 1.235834037752356380e+03
2.936361206962754750e+03 9.456589972506044433e+02
2.936382040296088235e+03 4.812538774653803557e+02
2.936402873629421265e+03 1.376150455249706283e+03
2.936423706962754750e+03 9.241805792634841055e+02
2.936444540296088235e+03 1.336216223547351547e+03
2.936465373629421265e+03 3.703497670259093866e+02
2.936486206962754750e+03 1.250438043039059266e+03
2.936507040296088235e+03 3.753499019013252109e+02
2.936527873629421265e+03 4.425489637824939564e+02
2.936548706962754750e+03 1.959287777123972774e+02
2.936569540296088235e+03 -2.409183492184383795e+02
2.936590373629421265e+03 8.102096511668059975e+01
2.936611206962754750e+03 -8.392028916749404743e+02
2.936632040296088235e+03 -4.538695120508782566e+01
2.936652873629421265e+03 1.145355554141569883e+03
2.936673706962754750e+03 6.111925531071610749e+02
2.936694540296088235e+03 -5.386308234751923010e+02
